		Minimum = 0.217122002			
K3 Angle	K4 Angl4	Single_cod	Inj_eff		
0	0	0.574791889	72	0.357669887	928
0	0.25	0.577920074	122	0.360798072	878
0	0.5	0.589953233	228	0.372831231	772
0	0.75	0.606672919	355	0.389550917	645
0	1	0.627496925	408	0.410374923	592
0	1.25	0.648906792	454	0.43178479	546
0	1.5	0.672632543	469	0.455510542	531
0	1.75	0.696445358	439	0.479323356	561
0	2	0.723897235	483	0.506775234	517
0	2.25	0.751282794	449	0.534160792	551
0	2.5	0.781567552	480	0.564445551	520
0	2.75	0.814004283	454	0.596882281	546
0	3	0.849552694	461	0.632430692	539
0	3.25	0.889338893	451	0.672216892	549
0	3.5	0.93560885	477	0.718486848	523
0	3.75	0.985974439	457	0.768852437	543
0	4	1.042521587	459	0.825399585	541
0	4.25	1.10566705	491	0.888545049	509
0	4.5	1.174464381	490	0.95734238	510
0	4.75	1.25120662	539	1.034084618	461
0	5	1.33424754	556	1.117125538	444
					
0.25	0	0.532612249	35	0.315490247	965
0.25	0.25	0.508640609	88	0.291518608	912
0.25	0.5	0.49857151	199	0.281449508	801
0.25	0.75	0.4993882	293	0.282266198	707
0.25	1	0.50919651	415	0.292074508	585
0.25	1.25	0.526554712	506	0.30943271	494
0.25	1.5	0.550721107	562	0.333599105	438
0.25	1.75	0.57919402	574	0.362072019	426
0.25	2	0.606965901	626	0.3898439	374
0.25	2.25	0.640353973	591	0.423231972	409
0.25	2.5	0.675427428	594	0.458305427	406
0.25	2.75	0.714354883	605	0.497232881	395
0.25	3	0.754111296	573	0.536989294	427
0.25	3.25	0.798067811	607	0.580945809	393
0.25	3.5	0.846206199	610	0.629084198	390
0.25	3.75	0.899597791	588	0.682475789	412
0.25	4	0.955850159	608	0.738728157	392
0.25	4.25	1.018803275	599	0.801681274	401
0.25	4.5	1.086427347	625	0.869305345	375
0.25	4.75	1.161058896	608	0.943936895	392
0.25	5	1.241950583	673	1.024828581	327
					
0.5	0	0.586841722	19	0.36971972	981
0.5	0.25	0.525725368	57	0.308603366	943
0.5	0.5	0.476069257	110	0.258947256	890
0.5	0.75	0.44370995	235	0.226587948	765
0.5	1	0.428579985	369	0.211457983	631
0.5	1.25	0.427277271	492	0.21015527	508
0.5	1.5	0.43620327	582	0.219081268	418
0.5	1.75	0.459465623	656	0.242343621	344
0.5	2	0.490618926	712	0.273496924	288
0.5	2.25	0.523270536	703	0.306148535	297
0.5	2.5	0.561323329	729	0.344201327	271
0.5	2.75	0.602853645	726	0.385731644	274
0.5	3	0.648140041	742	0.43101804	258
0.5	3.25	0.69589088	743	0.478768878	257
0.5	3.5	0.747068341	705	0.529946339	295
0.5	3.75	0.801871724	733	0.584749722	267
0.5	4	0.861182688	732	0.644060686	268
0.5	4.25	0.92315884	732	0.706036838	268
0.5	4.5	0.992984983	728	0.775862981	272
0.5	4.75	1.066341787	748	0.849219785	252
0.5	5	1.145167888	767	0.928045886	233
					
0.75	0	0.725065562	7	0.50794356	993
0.75	0.25	0.635279285	30	0.418157283	970
0.75	0.5	0.554417852	53	0.33729585	947
0.75	0.75	0.482157725	160	0.265035723	840
0.75	1	0.424450192	261	0.20732819	739
0.75	1.25	0.383054487	426	0.165932485	574
0.75	1.5	0.363992429	557	0.146870427	443
0.75	1.75	0.361349173	667	0.144227171	333
0.75	2	0.376039628	772	0.158917626	228
0.75	2.25	0.406352438	795	0.189230436	205
0.75	2.5	0.442879565	827	0.225757563	173
0.75	2.75	0.483277406	830	0.266155405	170
0.75	3	0.53039234	853	0.313270339	147
0.75	3.25	0.582569128	814	0.365447126	186
0.75	3.5	0.636733587	830	0.419611585	170
0.75	3.75	0.693671916	812	0.476549914	188
0.75	4	0.755651174	830	0.538529173	170
0.75	4.25	0.822429098	824	0.605307096	176
0.75	4.5	0.891427959	820	0.674305957	180
0.75	4.75	0.96554771	840	0.748425709	160
0.75	5	1.041782342	860	0.82466034	140
					
1	0	0.929817127	2	0.712695125	998
1	0.25	0.814885275	8	0.597763273	992
1	0.5	0.708724952	31	0.49160295	969
1	0.75	0.610992749	66	0.393870747	934
1	1	0.523828733	175	0.306706731	825
1	1.25	0.443856139	276	0.226734137	724
1	1.5	0.376856734	450	0.159734732	550
1	1.75	0.330177157	610	0.113055155	390
1	2	0.305380568	745	0.088258566	255
1	2.25	0.30270811	819	0.085586109	181
1	2.5	0.326420932	873	0.10929893	127
1	2.75	0.363682964	888	0.146560962	112
1	3	0.406941835	880	0.189819833	120
1	3.25	0.458758586	889	0.241636584	111
1	3.5	0.515423172	896	0.298301171	104
1	3.75	0.577525543	901	0.360403541	99
1	4	0.643099548	888	0.425977546	112
1	4.25	0.711748606	900	0.494626604	100
1	4.5	0.782407336	905	0.565285334	95
1	4.75	0.856095356	905	0.638973354	95
1	5	0.932805501	891	0.715683499	109
					
1.25	0	1.186616343	0	0.969494341	1000
1.25	0.25	1.051633472	1	0.83451147	999
1.25	0.5	0.923926169	6	0.706804168	994
1.25	0.75	0.804614431	19	0.587492429	981
1.25	1	0.693731104	69	0.476609102	931
1.25	1.25	0.59071251	137	0.373590508	863
1.25	1.5	0.497535569	286	0.280413568	714
1.25	1.75	0.413464431	440	0.196342429	560
1.25	2	0.340503668	612	0.123381666	388
1.25	2.25	0.281705772	744	0.06458377	256
1.25	2.5	0.248185566	847	0.031063564	153
1.25	2.75	0.255202662	910	0.03808066	90
1.25	3	0.288825282	921	0.07170328	79
1.25	3.25	0.336664568	938	0.119542566	62
1.25	3.5	0.391247243	935	0.174125241	65
1.25	3.75	0.454862638	945	0.237740637	55
1.25	4	0.522507448	935	0.305385446	65
1.25	4.25	0.592304106	947	0.375182105	53
1.25	4.5	0.664647094	953	0.447525092	47
1.25	4.75	0.737678842	954	0.520556841	46
1.25	5	0.813463054	953	0.596341052	47
					
1.5	0	1.479679509	0	1.262557508	1000
1.5	0.25	1.329701149	0	1.112579147	1000
1.5	0.5	1.185744335	1	0.968622334	999
1.5	0.75	1.048829956	11	0.831707955	989
1.5	1	0.919351869	19	0.702229867	981
1.5	1.25	0.796777251	63	0.579655249	937
1.5	1.5	0.683080121	142	0.465958119	858
1.5	1.75	0.577467601	264	0.360345599	736
1.5	2	0.480312427	414	0.263190425	586
1.5	2.25	0.395675233	591	0.178553231	409
1.5	2.5	0.31791155	741	0.100789548	259
1.5	2.75	0.250845369	849	0.033723367	151
1.5	3	0.217122002	924	0	76
1.5	3.25	0.240197235	942	0.023075234	58
1.5	3.5	0.280970467	952	0.063848465	48
1.5	3.75	0.333440155	962	0.116318153	38
1.5	4	0.395119695	972	0.177997693	28
1.5	4.25	0.463829091	976	0.246707089	24
1.5	4.5	0.535526056	974	0.318404055	26
1.5	4.75	0.609863887	971	0.392741886	29
1.5	5	0.684729383	978	0.467607382	22
					
1.75	0	1.794533718	0	1.577411716	1000
1.75	0.25	1.639546214	0	1.422424212	1000
1.75	0.5	1.484063643	0	1.266941641	1000
1.75	0.75	1.33267646	2	1.115554459	998
1.75	1	1.187719094	4	0.970597092	996
1.75	1.25	1.049766062	25	0.832644061	975
1.75	1.5	0.920106272	69	0.70298427	931
1.75	1.75	0.798175017	121	0.581053016	879
1.75	2	0.682943801	233	0.4658218	767
1.75	2.25	0.576030221	409	0.358908219	591
1.75	2.5	0.47805719	540	0.260935188	460
1.75	2.75	0.39467278	691	0.177550778	309
1.75	3	0.322752133	805	0.105630131	195
1.75	3.25	0.263765254	917	0.046643252	83
1.75	3.5	0.240445394	952	0.023323392	48
1.75	3.75	0.249831575	971	0.032709573	29
1.75	4	0.286198417	980	0.069076415	20
1.75	4.25	0.338481767	984	0.121359765	16
1.75	4.5	0.404115132	986	0.18699313	14
1.75	4.75	0.475324427	985	0.258202425	15
1.75	5	0.550698743	989	0.333576741	11
					
2	0	2.100931844	0	1.883809842	1000
2	0.25	1.958822905	0	1.741700904	1000
2	0.5	1.805415036	0	1.588293035	1000
2	0.75	1.647958041	0	1.43083604	1000
2	1	1.491220547	1	1.274098545	999
2	1.25	1.339491062	7	1.12236906	993
2	1.5	1.194462529	8	0.977340527	992
2	1.75	1.058199033	32	0.841077031	968
2	2	0.928774621	94	0.71165262	906
2	2.25	0.806638606	205	0.589516604	795
2	2.5	0.693595669	359	0.476473667	641
2	2.75	0.587497891	483	0.370375889	517
2	3	0.497713781	654	0.280591779	346
2	3.25	0.416458916	787	0.199336914	213
2	3.5	0.347372807	882	0.130250805	118
2	3.75	0.293174274	927	0.076052272	73
2	4	0.26653064	957	0.049408638	43
2	4.25	0.265936834	980	0.048814833	20
2	4.5	0.293588861	986	0.076466859	14
2	4.75	0.345032714	997	0.127910712	3
2	5	0.412733365	994	0.195611363	6
					
2.25	0	2.35151924	0	2.134397238	1000
2.25	0.25	2.244159323	0	2.027037321	1000
2.25	0.5	2.117814193	0	1.900692191	1000
2.25	0.75	1.973572075	0	1.756450073	1000
2.25	1	1.819269011	0	1.602147009	1000
2.25	1.25	1.660944701	0	1.443822699	1000
2.25	1.5	1.504604216	5	1.287482214	995
2.25	1.75	1.353130652	12	1.13600865	988
2.25	2	1.209813979	34	0.992691977	966
2.25	2.25	1.0744109	94	0.857288898	906
2.25	2.5	0.947612656	148	0.730490655	852
2.25	2.75	0.829726197	292	0.612604195	708
2.25	3	0.71925533	448	0.502133328	552
2.25	3.25	0.620951641	598	0.403829639	402
2.25	3.5	0.532454992	726	0.31533299	274
2.25	3.75	0.453428525	845	0.236306524	155
2.25	4	0.384493853	919	0.167371851	81
2.25	4.25	0.333277408	953	0.116155407	47
2.25	4.5	0.301454447	976	0.084332445	24
2.25	4.75	0.284367985	986	0.067245983	14
2.25	5	0.299820162	995	0.08269816	5
					
2.5	0	2.653927993	0	2.436805992	1000
2.5	0.25	2.472135217	0	2.255013215	1000
2.5	0.5	2.370155358	0	2.153033356	1000
2.5	0.75	2.264061244	0	2.046939243	1000
2.5	1	2.140096305	0	1.922974303	1000
2.5	1.25	1.994735196	0	1.777613194	1000
2.5	1.5	1.840022969	0	1.622900968	1000
2.5	1.75	1.682069243	3	1.464947241	997
2.5	2	1.525875231	6	1.30875323	994
2.5	2.25	1.376996547	24	1.159874545	976
2.5	2.5	1.236081915	64	1.018959913	936
2.5	2.75	1.105213526	118	0.888091524	882
2.5	3	0.982601051	256	0.765479049	744
2.5	3.25	0.868552581	357	0.651430579	643
2.5	3.5	0.764302375	538	0.547180373	462
2.5	3.75	0.669425622	691	0.45230362	309
2.5	4	0.583910098	807	0.366788096	193
2.5	4.25	0.506292889	882	0.289170887	118
2.5	4.5	0.438967772	935	0.22184577	65
2.5	4.75	0.384781452	972	0.167659451	28
2.5	5	0.347506202	984	0.1303842	16
					
2.75	0	3.293627671	0	3.076505669	1000
2.75	0.25	2.919865097	0	2.702743096	1000
2.75	0.5	2.621664202	0	2.4045422	1000
2.75	0.75	2.481961681	0	2.264839679	1000
2.75	1	2.395846491	0	2.17872449	1000
2.75	1.25	2.294021964	0	2.076899962	1000
2.75	1.5	2.169618997	0	1.952496995	1000
2.75	1.75	2.024837451	2	1.80771545	998
2.75	2	1.870627864	0	1.653505862	1000
2.75	2.25	1.71386532	4	1.496743319	996
2.75	2.5	1.560368683	13	1.343246681	987
2.75	2.75	1.415538622	42	1.19841662	958
2.75	3	1.279400078	124	1.062278076	876
2.75	3.25	1.153342256	173	0.936220254	827
2.75	3.5	1.034489192	339	0.817367191	661
2.75	3.75	0.926538997	483	0.709416995	517
2.75	4	0.824389611	639	0.607267609	361
2.75	4.25	0.73490013	745	0.517778128	255
2.75	4.5	0.652965808	881	0.435843806	119
2.75	4.75	0.579573827	912	0.362451825	88
2.75	5	0.514376307	958	0.297254306	42
					
3	0	3.68993865	0	3.472816649	1000
3	0.25	3.377546242	0	3.16042424	1000
3	0.5	3.24552894	0	3.028406938	1000
3	0.75	2.850678912	0	2.63355691	1000
3	1	2.60850388	0	2.391381879	1000
3	1.25	2.504039858	0	2.286917856	1000
3	1.5	2.429333385	0	2.212211383	1000
3	1.75	2.335061863	0	2.117939861	1000
3	2	2.210021545	1	1.992899543	999
3	2.25	2.067154748	3	1.850032747	997
3	2.5	1.915903428	1	1.698781426	999
3	2.75	1.761515689	13	1.544393687	987
3	3	1.613130357	33	1.396008355	967
3	3.25	1.472907305	83	1.255785303	917
3	3.5	1.343066051	149	1.125944049	851
3	3.75	1.219928621	258	1.002806619	742
3	4	1.107470114	399	0.890348113	601
3	4.25	1.002434958	551	0.785312956	449
3	4.5	0.905215805	692	0.688093804	308
3	4.75	0.820538922	825	0.603416921	175
3	5	0.74383125	880	0.526709249	120
					
3.25	0	9814813.612	0	9814813.395	1000
3.25	0.25	4.606013941	0	4.38889194	1000
3.25	0.5	3.488362356	0	3.271240354	1000
3.25	0.75	3.418182233	0	3.201060231	1000
3.25	1	3.184235822	0	2.96711382	1000
3.25	1.25	2.805357407	0	2.588235405	1000
3.25	1.5	2.616782282	0	2.39966028	1000
3.25	1.75	2.542919492	0	2.32579749	1000
3.25	2	2.474213023	0	2.257091022	1000
3.25	2.25	2.386834563	0	2.169712562	1000
3.25	2.5	2.265060176	0	2.047938174	1000
3.25	2.75	2.127127621	0	1.910005619	1000
3.25	3	1.97888276	5	1.761760758	995
3.25	3.25	1.830743696	24	1.613621695	976
3.25	3.5	1.688151138	65	1.471029136	935
3.25	3.75	1.554529738	109	1.337407737	891
3.25	4	1.428941766	229	1.211819764	771
3.25	4.25	1.310664542	367	1.093542541	633
3.25	4.5	1.203981441	498	0.986859439	502
3.25	4.75	1.103286072	675	0.88616407	325
3.25	5	1.011999901	766	0.794877899	234
					
3.5	0	236.8089891	0	236.5918671	1000
3.5	0.25	4985025153	0	4985025152	1000
3.5	0.5	876416.327	0	876416.1099	1000
3.5	0.75	3.98775803	0	3.770636029	1000
3.5	1	3.405447318	0	3.188325316	1000
3.5	1.25	3.445510591	0	3.228388589	1000
3.5	1.5	3.136371228	0	2.919249226	1000
3.5	1.75	2.791134249	0	2.574012247	1000
3.5	2	2.643431949	0	2.426309947	1000
3.5	2.25	2.590628032	0	2.37350603	1000
3.5	2.5	2.53449201	0	2.317370008	1000
3.5	2.75	2.453827722	0	2.236705721	1000
3.5	3	2.338278836	2	2.121156835	998
3.5	3.25	2.20836752	9	1.991245519	991
3.5	3.5	2.068018606	15	1.850896604	985
3.5	3.75	1.927076887	36	1.709954886	964
3.5	4	1.791185047	97	1.574063045	903
3.5	4.25	1.663743386	170	1.446621384	830
3.5	4.5	1.542533583	291	1.325411581	709
3.5	4.75	1.430990792	426	1.21386879	574
3.5	5	1.329742923	567	1.112620922	433
					
3.75	0	13166.93316	0	13166.71604	1000
3.75	0.25	12495573.72	0	12495573.51	1000
3.75	0.5	1.48E+12	0	1.47837E+12	1000
3.75	0.75	6607358.465	0	6607358.248	1000
3.75	1	158153.6416	0	158153.4245	1000
3.75	1.25	3.910063114	0	3.692941112	1000
3.75	1.5	3.417788553	0	3.200666551	1000
3.75	1.75	3.462108914	0	3.244986913	1000
3.75	2	3.116938074	0	2.899816072	1000
3.75	2.25	2.805551331	0	2.588429329	1000
3.75	2.5	2.684487295	0	2.467365293	1000
3.75	2.75	2.648671091	0	2.431549089	1000
3.75	3	2.607361157	0	2.390239155	1000
3.75	3.25	2.537836107	1	2.320714105	999
3.75	3.5	2.434585473	3	2.217463471	997
3.75	3.75	2.317359252	12	2.10023725	988
3.75	4	2.188539154	29	1.971417152	971
3.75	4.25	2.055344178	54	1.838222176	946
3.75	4.5	1.927260426	128	1.710138424	872
3.75	4.75	1.806893606	215	1.589771604	785
3.75	5	1.692024111	336	1.474902109	664
					
4	0	118.3817234	0	118.1646014	1000
4	0.25	8395272.446	0	8395272.229	1000
4	0.5	8398.271672	0	8398.05455	1000
4	0.75	17062204.62	0	17062204.4	1000
4	1	17.06666541	0	16.84954341	1000
4	1.25	1559162.186	0	1559161.969	1000
4	1.5	1141701.839	0	1141701.622	1000
4	1.75	3.882510862	0	3.665388861	1000
4	2	3.452697307	0	3.235575305	1000
4	2.25	3.490004754	0	3.272882752	1000
4	2.5	3.139126275	0	2.922004274	1000
4	2.75	2.844942657	0	2.627820655	1000
4	3	2.736863559	0	2.519741557	1000
4	3.25	2.714734571	0	2.497612569	1000
4	3.5	2.690592308	0	2.473470306	1000
4	3.75	2.64209219	1	2.424970189	999
4	4	2.558734239	4	2.341612237	996
4	4.25	2.458285626	18	2.241163624	982
4	4.5	2.343908413	51	2.126786411	949
4	4.75	2.222372948	92	2.005250946	908
4	5	2.105100905	182	1.887978904	818
					
4.25	0	135.4978079	0	135.2806859	1000
4.25	0.25	3.83E+50	0	3.83378E+50	1000
4.25	0.5	2.02E+12	0	2.01952E+12	1000
4.25	0.75	4060279.593	0	4060279.376	1000
4.25	1	217.0714375	0	216.8543155	1000
4.25	1.25	18449644	0	18449643.79	1000
4.25	1.5	9.30E+28	0	9.2974E+28	1000
4.25	1.75	7463.657194	0	7463.440072	1000
4.25	2	3372.817295	0	3372.600173	1000
4.25	2.25	3.889745979	0	3.672623977	1000
4.25	2.5	3.477010541	0	3.259888539	1000
4.25	2.75	3.540601335	0	3.323479333	1000
4.25	3	3.214921472	0	2.99779947	1000
4.25	3.25	2.911591978	0	2.694469976	1000
4.25	3.5	2.796720402	0	2.5795984	1000
4.25	3.75	2.785087311	0	2.567965309	1000
4.25	4	2.78190128	1	2.564779279	999
4.25	4.25	2.763056172	1	2.54593417	999
4.25	4.5	2.709268373	16	2.492146371	984
4.25	4.75	2.630575535	29	2.413453533	971
4.25	5	2.538318485	61	2.321196484	939
					
4.5	0	113.7428968	0	113.5257748	1000
4.5	0.25	3.46E+50	0	3.45833E+50	1000
4.5	0.5	41770.57922	0	41770.3621	1000
4.5	0.75	7.57E+17	0	7.57053E+17	1000
4.5	1	7.35E+13	0	7.34647E+13	1000
4.5	1.25	2263634.647	0	2263634.43	1000
4.5	1.5	113.6447931	0	113.4276711	1000
4.5	1.75	16763728.82	0	16763728.6	1000
4.5	2	4.775052686	0	4.557930684	1000
4.5	2.25	1472555.626	0	1472555.409	1000
4.5	2.5	4109.653564	0	4109.436442	1000
4.5	2.75	3.949622479	0	3.732500477	1000
4.5	3	3.484412619	0	3.267290618	1000
4.5	3.25	3.6057806	0	3.388658599	1000
4.5	3.5	3.357646751	0	3.140524749	1000
4.5	3.75	3.02974224	0	2.812620238	1000
4.5	4	2.872577519	0	2.655455517	1000
4.5	4.25	2.85285021	0	2.635728209	1000
4.5	4.5	2.869542401	2	2.652420399	998
4.5	4.75	2.885973963	6	2.668851961	994
4.5	5	2.872357345	16	2.655235343	984
					
4.75	0	2.23E+12	0	2.23384E+12	1000
4.75	0.25	101.3137948	0	101.0966728	1000
4.75	0.5	98.65057696	0	98.43345496	1000
4.75	0.75	94.63067246	0	94.41355045	1000
4.75	1	89.57461789	0	89.35749589	1000
4.75	1.25	79.38361421	0	79.1664922	1000
4.75	1.5	753190.1692	0	753189.9521	1000
4.75	1.75	2099124.856	0	2099124.639	1000
4.75	2	1080843.464	0	1080843.247	1000
4.75	2.25	7375525.445	0	7375525.228	1000
4.75	2.5	3.60E+13	0	3.59705E+13	1000
4.75	2.75	11545.84065	0	11545.62353	1000
4.75	3	81.93815844	0	81.72103644	1000
4.75	3.25	4.125433553	0	3.908311551	1000
4.75	3.5	3.58000738	0	3.362885378	1000
4.75	3.75	3.624798033	0	3.407676031	1000
4.75	4	3.565830856	0	3.348708854	1000
4.75	4.25	3.234505243	0	3.017383242	1000
4.75	4.5	3.000557376	0	2.783435374	1000
4.75	4.75	2.924611181	0	2.707489179	1000
4.75	5	2.943978673	2	2.726856672	998
					
5	0	6.50E+50	0	6.50076E+50	1000
5	0.25	150.9305494	0	150.7134274	1000
5	0.5	98.38593113	0	98.16880913	1000
5	0.75	9.25E+50	0	9.25107E+50	1000
5	1	662.44743	0	662.230308	1000
5	1.25	56626.65341	0	56626.43629	1000
5	1.5	1.63E+50	0	1.63104E+50	1000
5	1.75	13.44866042	0	13.23153842	1000
5	2	103.1582976	0	102.9411756	1000
5	2.25	4978516.478	0	4978516.261	1000
5	2.5	128.0968202	0	127.8796982	1000
5	2.75	8821.691365	0	8821.474243	1000
5	3	2788051.609	0	2788051.392	1000
5	3.25	6.50E+50	0	6.50076E+50	1000
5	3.5	5676.067332	0	5675.85021	1000
5	3.75	1339265.772	0	1339265.555	1000
5	4	3.95145328	0	3.734331278	1000
5	4.25	3.543047415	0	3.325925413	1000
5	4.5	3.699984189	1	3.482862187	999
5	4.75	3.582528083	0	3.365406081	1000
5	5	3.287136591	0	3.070014589	1000
