    .0000000000    .0000000000    .5747918888
    .0000000000    .1000000000    .5764983215
    .0000000000    .2000000000    .5787948260
    .0000000000    .3000000000    .5828721448
    .0000000000    .4000000000    .5884559304
    .0000000000    .5000000000    .5952425670
    .0000000000    .6000000000    .6028200294
    .0000000000    .7000000000    .6105951807
    .0000000000    .8000000000    .6186310447
    .0000000000    .9000000000    .6277411452
    .0000000000   1.0000000000    .6375219453
    .0000000000   1.1000000000    .6473583733
    .0000000000   1.2000000000    .6567058894
    .0000000000   1.3000000000    .6662324278
    .0000000000   1.4000000000    .6765456085
    .0000000000   1.5000000000    .6868707679
    .0000000000   1.6000000000    .6969563790
    .0000000000   1.7000000000    .7065681176
    .0000000000   1.8000000000    .7170901399
    .0000000000   1.9000000000    .7281854530
    .0000000000   2.0000000000    .7396371621
    .0000000000   2.1000000000    .7512507991
    .0000000000   2.2000000000    .7625476828
    .0000000000   2.3000000000    .7738051663
    .0000000000   2.4000000000    .7850722640
    .0000000000   2.5000000000    .7966674396
    .0000000000   2.6000000000    .8095547310
    .0000000000   2.7000000000    .8222908413
    .0000000000   2.8000000000    .8352559587
    .0000000000   2.9000000000    .8484861801
    .0000000000   3.0000000000    .8621470509
    .0000000000   3.1000000000    .8764641316
    .0000000000   3.2000000000    .8911850309
    .0000000000   3.3000000000    .9065013479
    .0000000000   3.4000000000    .9224695692
    .0000000000   3.5000000000    .9397757156
    .0000000000   3.6000000000    .9575850561
    .0000000000   3.7000000000    .9765760979
    .0000000000   3.8000000000    .9963020769
    .0000000000   3.9000000000   1.0161134024
    .0000000000   4.0000000000   1.0364607473

    .1000000000    .0000000000    .5368616377
    .1000000000    .1000000000    .5362862271
    .1000000000    .2000000000    .5372813115
    .1000000000    .3000000000    .5387145230
    .1000000000    .4000000000    .5409788777
    .1000000000    .5000000000    .5449659758
    .1000000000    .6000000000    .5513926758
    .1000000000    .7000000000    .5585949988
    .1000000000    .8000000000    .5658670920
    .1000000000    .9000000000    .5739380702
    .1000000000   1.0000000000    .5828479142
    .1000000000   1.1000000000    .5929577209
    .1000000000   1.2000000000    .6029418189
    .1000000000   1.3000000000    .6129337121
    .1000000000   1.4000000000    .6239061507
    .1000000000   1.5000000000    .6350491985
    .1000000000   1.6000000000    .6460636089
    .1000000000   1.7000000000    .6569846785
    .1000000000   1.8000000000    .6678481856
    .1000000000   1.9000000000    .6795547238
    .1000000000   2.0000000000    .6917771038
    .1000000000   2.1000000000    .7044285682
    .1000000000   2.2000000000    .7171081263
    .1000000000   2.3000000000    .7298320178
    .1000000000   2.4000000000    .7422103578
    .1000000000   2.5000000000    .7548113388
    .1000000000   2.6000000000    .7687565343
    .1000000000   2.7000000000    .7829095436
    .1000000000   2.8000000000    .7972742534
    .1000000000   2.9000000000    .8117430448
    .1000000000   3.0000000000    .8264605791
    .1000000000   3.1000000000    .8416612202
    .1000000000   3.2000000000    .8570833345
    .1000000000   3.3000000000    .8735810054
    .1000000000   3.4000000000    .8909373927
    .1000000000   3.5000000000    .9088229301
    .1000000000   3.6000000000    .9275257274
    .1000000000   3.7000000000    .9471329973
    .1000000000   3.8000000000    .9672781957
    .1000000000   3.9000000000    .9878751651
    .1000000000   4.0000000000   1.0090424899

    .2000000000    .0000000000    .5093194945
    .2000000000    .1000000000    .5034000173
    .2000000000    .2000000000    .5005180699
    .2000000000    .3000000000    .4993491726
    .2000000000    .4000000000    .4999904015
    .2000000000    .5000000000    .5015227312
    .2000000000    .6000000000    .5039530379
    .2000000000    .7000000000    .5090084937
    .2000000000    .8000000000    .5156722327
    .2000000000    .9000000000    .5225651095
    .2000000000   1.0000000000    .5306280536
    .2000000000   1.1000000000    .5393803447
    .2000000000   1.2000000000    .5496528003
    .2000000000   1.3000000000    .5600174542
    .2000000000   1.4000000000    .5713376175
    .2000000000   1.5000000000    .5831657070
    .2000000000   1.6000000000    .5953629013
    .2000000000   1.7000000000    .6072754542
    .2000000000   1.8000000000    .6186874481
    .2000000000   1.9000000000    .6307122828
    .2000000000   2.0000000000    .6436481434
    .2000000000   2.1000000000    .6571013010
    .2000000000   2.2000000000    .6712782952
    .2000000000   2.3000000000    .6851071419
    .2000000000   2.4000000000    .6987658551
    .2000000000   2.5000000000    .7122287317
    .2000000000   2.6000000000    .7276826324
    .2000000000   2.7000000000    .7431808705
    .2000000000   2.8000000000    .7586180257
    .2000000000   2.9000000000    .7742115671
    .2000000000   3.0000000000    .7897417756
    .2000000000   3.1000000000    .8057487360
    .2000000000   3.2000000000    .8224610731
    .2000000000   3.3000000000    .8400965161
    .2000000000   3.4000000000    .8583564477
    .2000000000   3.5000000000    .8771442622
    .2000000000   3.6000000000    .8965330200
    .2000000000   3.7000000000    .9166396618
    .2000000000   3.8000000000    .9377252890
    .2000000000   3.9000000000    .9590991199
    .2000000000   4.0000000000    .9808796766

    .3000000000    .0000000000    .4919960049
    .3000000000    .1000000000    .4815475718
    .3000000000    .2000000000    .4735556702
    .3000000000    .3000000000    .4670658332
    .3000000000    .4000000000    .4640675700
    .3000000000    .5000000000    .4626951610
    .3000000000    .6000000000    .4633281971
    .3000000000    .7000000000    .4652294576
    .3000000000    .8000000000    .4684615226
    .3000000000    .9000000000    .4740510080
    .3000000000   1.0000000000    .4806269262
    .3000000000   1.1000000000    .4885060316
    .3000000000   1.2000000000    .4973857783
    .3000000000   1.3000000000    .5074868621
    .3000000000   1.4000000000    .5190614949
    .3000000000   1.5000000000    .5316673922
    .3000000000   1.6000000000    .5445740855
    .3000000000   1.7000000000    .5571706709
    .3000000000   1.8000000000    .5696031943
    .3000000000   1.9000000000    .5817853869
    .3000000000   2.0000000000    .5949761040
    .3000000000   2.1000000000    .6096488687
    .3000000000   2.2000000000    .6246856803
    .3000000000   2.3000000000    .6399092105
    .3000000000   2.4000000000    .6548098933
    .3000000000   2.5000000000    .6696074195
    .3000000000   2.6000000000    .6859800090
    .3000000000   2.7000000000    .7026262885
    .3000000000   2.8000000000    .7190822760
    .3000000000   2.9000000000    .7355365986
    .3000000000   3.0000000000    .7520554464
    .3000000000   3.1000000000    .7694489903
    .3000000000   3.2000000000    .7869240941
    .3000000000   3.3000000000    .8057649351
    .3000000000   3.4000000000    .8250002622
    .3000000000   3.5000000000    .8444033809
    .3000000000   3.6000000000    .8645851779
    .3000000000   3.7000000000    .8856833398
    .3000000000   3.8000000000    .9074864283
    .3000000000   3.9000000000    .9296051807
    .3000000000   4.0000000000    .9519401684

    .4000000000    .0000000000    .4872724412
    .4000000000    .1000000000    .4699081895
    .4000000000    .2000000000    .4572175257
    .4000000000    .3000000000    .4460840871
    .4000000000    .4000000000    .4374442937
    .4000000000    .5000000000    .4308111350
    .4000000000    .6000000000    .4278283636
    .4000000000    .7000000000    .4265054595
    .4000000000    .8000000000    .4279330780
    .4000000000    .9000000000    .4300684798
    .4000000000   1.0000000000    .4338731899
    .4000000000   1.1000000000    .4398057471
    .4000000000   1.2000000000    .4475429302
    .4000000000   1.3000000000    .4564594227
    .4000000000   1.4000000000    .4674387872
    .4000000000   1.5000000000    .4803516615
    .4000000000   1.6000000000    .4936173025
    .4000000000   1.7000000000    .5068300226
    .4000000000   1.8000000000    .5200380543
    .4000000000   1.9000000000    .5330922488
    .4000000000   2.0000000000    .5466129402
    .4000000000   2.1000000000    .5618192955
    .4000000000   2.2000000000    .5778629856
    .4000000000   2.3000000000    .5941187403
    .4000000000   2.4000000000    .6102633324
    .4000000000   2.5000000000    .6263104670
    .4000000000   2.6000000000    .6434388246
    .4000000000   2.7000000000    .6610774097
    .4000000000   2.8000000000    .6784158269
    .4000000000   2.9000000000    .6961003059
    .4000000000   3.0000000000    .7137758221
    .4000000000   3.1000000000    .7319831911
    .4000000000   3.2000000000    .7508495257
    .4000000000   3.3000000000    .7705938384
    .4000000000   3.4000000000    .7905659831
    .4000000000   3.5000000000    .8108539820
    .4000000000   3.6000000000    .8320206360
    .4000000000   3.7000000000    .8539615833
    .4000000000   3.8000000000    .8765012671
    .4000000000   3.9000000000    .8991608550
    .4000000000   4.0000000000    .9217958421

    .5000000000    .0000000000    .4948355520
    .5000000000    .1000000000    .4737442953
    .5000000000    .2000000000    .4542150962
    .5000000000    .3000000000    .4357378770
    .5000000000    .4000000000    .4219775573
    .5000000000    .5000000000    .4101977780
    .5000000000    .6000000000    .4009915288
    .5000000000    .7000000000    .3948074233
    .5000000000    .8000000000    .3920679145
    .5000000000    .9000000000    .3917650076
    .5000000000   1.0000000000    .3933058896
    .5000000000   1.1000000000    .3953565857
    .5000000000   1.2000000000    .4001788433
    .5000000000   1.3000000000    .4078684481
    .5000000000   1.4000000000    .4173426191
    .5000000000   1.5000000000    .4292158510
    .5000000000   1.6000000000    .4428247932
    .5000000000   1.7000000000    .4563286322
    .5000000000   1.8000000000    .4701023174
    .5000000000   1.9000000000    .4842779130
    .5000000000   2.0000000000    .4987207391
    .5000000000   2.1000000000    .5139841268
    .5000000000   2.2000000000    .5304568742
    .5000000000   2.3000000000    .5476117275
    .5000000000   2.4000000000    .5650190506
    .5000000000   2.5000000000    .5822233452
    .5000000000   2.6000000000    .5997986998
    .5000000000   2.7000000000    .6184533505
    .5000000000   2.8000000000    .6371872391
    .5000000000   2.9000000000    .6557807447
    .5000000000   3.0000000000    .6743780358
    .5000000000   3.1000000000    .6939412996
    .5000000000   3.2000000000    .7137687015
    .5000000000   3.3000000000    .7344696761
    .5000000000   3.4000000000    .7553977629
    .5000000000   3.5000000000    .7767161707
    .5000000000   3.6000000000    .7986905951
    .5000000000   3.7000000000    .8213275655
    .5000000000   3.8000000000    .8444062784
    .5000000000   3.9000000000    .8675440314
    .5000000000   4.0000000000    .8912291980

    .6000000000    .0000000000    .5155355716
    .6000000000    .1000000000    .4880178214
    .6000000000    .2000000000    .4627912040
    .6000000000    .3000000000    .4405780507
    .6000000000    .4000000000    .4204787214
    .6000000000    .5000000000    .4012358087
    .6000000000    .6000000000    .3862885279
    .6000000000    .7000000000    .3738969581
    .6000000000    .8000000000    .3648531609
    .6000000000    .9000000000    .3595136186
    .6000000000   1.0000000000    .3574999483
    .6000000000   1.1000000000    .3575362401
    .6000000000   1.2000000000    .3589637421
    .6000000000   1.3000000000    .3623682274
    .6000000000   1.4000000000    .3697736648
    .6000000000   1.5000000000    .3797611351
    .6000000000   1.6000000000    .3922075285
    .6000000000   1.7000000000    .4062012128
    .6000000000   1.8000000000    .4204556539
    .6000000000   1.9000000000    .4353236534
    .6000000000   2.0000000000    .4507489664
    .6000000000   2.1000000000    .4660696628
    .6000000000   2.2000000000    .4825414641
    .6000000000   2.3000000000    .5004306233
    .6000000000   2.4000000000    .5189338186
    .6000000000   2.5000000000    .5370519890
    .6000000000   2.6000000000    .5554992825
    .6000000000   2.7000000000    .5752234500
    .6000000000   2.8000000000    .5948795814
    .6000000000   2.9000000000    .6145421683
    .6000000000   3.0000000000    .6342871580
    .6000000000   3.1000000000    .6550817916
    .6000000000   3.2000000000    .6758551152
    .6000000000   3.3000000000    .6976416062
    .6000000000   3.4000000000    .7195635884
    .6000000000   3.5000000000    .7415044242
    .6000000000   3.6000000000    .7642633436
    .6000000000   3.7000000000    .7874712308
    .6000000000   3.8000000000    .8114253631
    .6000000000   3.9000000000    .8355755003
    .6000000000   4.0000000000    .8598607801

    .7000000000    .0000000000    .5454960212
    .7000000000    .1000000000    .5148305095
    .7000000000    .2000000000    .4854719939
    .7000000000    .3000000000    .4572754688
    .7000000000    .4000000000    .4303980503
    .7000000000    .5000000000    .4069321275
    .7000000000    .6000000000    .3860882194
    .7000000000    .7000000000    .3662776792
    .7000000000    .8000000000    .3501611884
    .7000000000    .9000000000    .3377165862
    .7000000000   1.0000000000    .3295768785
    .7000000000   1.1000000000    .3250694173
    .7000000000   1.2000000000    .3232833967
    .7000000000   1.3000000000    .3243177499
    .7000000000   1.4000000000    .3262990477
    .7000000000   1.5000000000    .3327839770
    .7000000000   1.6000000000    .3436829413
    .7000000000   1.7000000000    .3566488139
    .7000000000   1.8000000000    .3709096093
    .7000000000   1.9000000000    .3861189955
    .7000000000   2.0000000000    .4020965661
    .7000000000   2.1000000000    .4181850719
    .7000000000   2.2000000000    .4345966921
    .7000000000   2.3000000000    .4527950170
    .7000000000   2.4000000000    .4718227658
    .7000000000   2.5000000000    .4912632114
    .7000000000   2.6000000000    .5106053022
    .7000000000   2.7000000000    .5309519504
    .7000000000   2.8000000000    .5517626108
    .7000000000   2.9000000000    .5724754482
    .7000000000   3.0000000000    .5935717329
    .7000000000   3.1000000000    .6154712440
    .7000000000   3.2000000000    .6374022860
    .7000000000   3.3000000000    .6598345960
    .7000000000   3.4000000000    .6824588062
    .7000000000   3.5000000000    .7051674807
    .7000000000   3.6000000000    .7288712953
    .7000000000   3.7000000000    .7530949459
    .7000000000   3.8000000000    .7781870506
    .7000000000   3.9000000000    .8033500214
    .7000000000   4.0000000000    .8287780822

    .8000000000    .0000000000    .5845289112
    .8000000000    .1000000000    .5493086296
    .8000000000    .2000000000    .5164494112
    .8000000000    .3000000000    .4851262906
    .8000000000    .4000000000    .4547559064
    .8000000000    .5000000000    .4259796927
    .8000000000    .6000000000    .3983483977
    .8000000000    .7000000000    .3729139443
    .8000000000    .8000000000    .3510863373
    .8000000000    .9000000000    .3307292783
    .8000000000   1.0000000000    .3141931971
    .8000000000   1.1000000000    .3025882910
    .8000000000   1.2000000000    .2951898017
    .8000000000   1.3000000000    .2918739831
    .8000000000   1.4000000000    .2909040716
    .8000000000   1.5000000000    .2927080482
    .8000000000   1.6000000000    .2975190532
    .8000000000   1.7000000000    .3088803963
    .8000000000   1.8000000000    .3219283281
    .8000000000   1.9000000000    .3369860325
    .8000000000   2.0000000000    .3531099233
    .8000000000   2.1000000000    .3699162044
    .8000000000   2.2000000000    .3870785898
    .8000000000   2.3000000000    .4047789414
    .8000000000   2.4000000000    .4242488115
    .8000000000   2.5000000000    .4445926225
    .8000000000   2.6000000000    .4649874125
    .8000000000   2.7000000000    .4859583067
    .8000000000   2.8000000000    .5078151200
    .8000000000   2.9000000000    .5300368677
    .8000000000   3.0000000000    .5523270761
    .8000000000   3.1000000000    .5749164298
    .8000000000   3.2000000000    .5975339828
    .8000000000   3.3000000000    .6207810674
    .8000000000   3.4000000000    .6445358320
    .8000000000   3.5000000000    .6685921078
    .8000000000   3.6000000000    .6935153009
    .8000000000   3.7000000000    .7193428135
    .8000000000   3.8000000000    .7453837935
    .8000000000   3.9000000000    .7714646793
    .8000000000   4.0000000000    .7979295849

    .9000000000    .0000000000    .6336457110
    .9000000000    .1000000000    .5949067775
    .9000000000    .2000000000    .5575778338
    .9000000000    .3000000000    .5214238713
    .9000000000    .4000000000    .4877010721
    .9000000000    .5000000000    .4554246202
    .9000000000    .6000000000    .4243200524
    .9000000000    .7000000000    .3942805495
    .9000000000    .8000000000    .3658533769
    .9000000000    .9000000000    .3393388397
    .9000000000   1.0000000000    .3157137984
    .9000000000   1.1000000000    .2951871304
    .9000000000   1.2000000000    .2798597416
    .9000000000   1.3000000000    .2690454258
    .9000000000   1.4000000000    .2624578855
    .9000000000   1.5000000000    .2597157166
    .9000000000   1.6000000000    .2598389942
    .9000000000   1.7000000000    .2638951126
    .9000000000   1.8000000000    .2746438704
    .9000000000   1.9000000000    .2886291045
    .9000000000   2.0000000000    .3042517838
    .9000000000   2.1000000000    .3214298166
    .9000000000   2.2000000000    .3392589509
    .9000000000   2.3000000000    .3573330057
    .9000000000   2.4000000000    .3765654834
    .9000000000   2.5000000000    .3973854665
    .9000000000   2.6000000000    .4188158136
    .9000000000   2.7000000000    .4405703654
    .9000000000   2.8000000000    .4634911976
    .9000000000   2.9000000000    .4866339317
    .9000000000   3.0000000000    .5096035681
    .9000000000   3.1000000000    .5332709465
    .9000000000   3.2000000000    .5575652237
    .9000000000   3.3000000000    .5822922395
    .9000000000   3.4000000000    .6074592358
    .9000000000   3.5000000000    .6328828667
    .9000000000   3.6000000000    .6589762953
    .9000000000   3.7000000000    .6857240081
    .9000000000   3.8000000000    .7127273103
    .9000000000   3.9000000000    .7396206057
    .9000000000   4.0000000000    .7664907326

   1.0000000000    .0000000000    .6891864490
   1.0000000000    .1000000000    .6474054164
   1.0000000000    .2000000000    .6071665852
   1.0000000000    .3000000000    .5679441946
   1.0000000000    .4000000000    .5301264719
   1.0000000000    .5000000000    .4936075013
   1.0000000000    .6000000000    .4586732840
   1.0000000000    .7000000000    .4258961318
   1.0000000000    .8000000000    .3942217762
   1.0000000000    .9000000000    .3632334713
   1.0000000000   1.0000000000    .3334749727
   1.0000000000   1.1000000000    .3057212328
   1.0000000000   1.2000000000    .2823720478
   1.0000000000   1.3000000000    .2625570200
   1.0000000000   1.4000000000    .2473435929
   1.0000000000   1.5000000000    .2362444709
   1.0000000000   1.6000000000    .2301046276
   1.0000000000   1.7000000000    .2278096735
   1.0000000000   1.8000000000    .2323772654
   1.0000000000   1.9000000000    .2418652432
   1.0000000000   2.0000000000    .2567807154
   1.0000000000   2.1000000000    .2733165372
   1.0000000000   2.2000000000    .2914061503
   1.0000000000   2.3000000000    .3103188838
   1.0000000000   2.4000000000    .3295260831
   1.0000000000   2.5000000000    .3500890002
   1.0000000000   2.6000000000    .3721403520
   1.0000000000   2.7000000000    .3945006164
   1.0000000000   2.8000000000    .4184451991
   1.0000000000   2.9000000000    .4432858364
   1.0000000000   3.0000000000    .4681457435
   1.0000000000   3.1000000000    .4933396460
   1.0000000000   3.2000000000    .5187808257
   1.0000000000   3.3000000000    .5445807976
   1.0000000000   3.4000000000    .5707271797
   1.0000000000   3.5000000000    .5971320469
   1.0000000000   3.6000000000    .6241222723
   1.0000000000   3.7000000000    .6516761232
   1.0000000000   3.8000000000    .6791701087
   1.0000000000   3.9000000000    .7065251823
   1.0000000000   4.0000000000    .7339539049

   1.1000000000    .0000000000    .7516778866
   1.1000000000    .1000000000    .7069908870
   1.1000000000    .2000000000    .6634737453
   1.1000000000    .3000000000    .6214474347
   1.1000000000    .4000000000    .5806610412
   1.1000000000    .5000000000    .5412483992
   1.1000000000    .6000000000    .5027937688
   1.1000000000    .7000000000    .4656869206
   1.1000000000    .8000000000    .4298217754
   1.1000000000    .9000000000    .3962518756
   1.1000000000   1.0000000000    .3640999467
   1.1000000000   1.1000000000    .3328866307
   1.1000000000   1.2000000000    .3030238921
   1.1000000000   1.3000000000    .2757738942
   1.1000000000   1.4000000000    .2520420676
   1.1000000000   1.5000000000    .2308831996
   1.1000000000   1.6000000000    .2148237420
   1.1000000000   1.7000000000    .2032845057
   1.1000000000   1.8000000000    .1979645781
   1.1000000000   1.9000000000    .2018855867
   1.1000000000   2.0000000000    .2113681970
   1.1000000000   2.1000000000    .2272073012
   1.1000000000   2.2000000000    .2446511282
   1.1000000000   2.3000000000    .2635884197
   1.1000000000   2.4000000000    .2836765515
   1.1000000000   2.5000000000    .3043432144
   1.1000000000   2.6000000000    .3268120296
   1.1000000000   2.7000000000    .3509141510
   1.1000000000   2.8000000000    .3756620086
   1.1000000000   2.9000000000    .4014411534
   1.1000000000   3.0000000000    .4270975410
   1.1000000000   3.1000000000    .4530116302
   1.1000000000   3.2000000000    .4794523202
   1.1000000000   3.3000000000    .5063722278
   1.1000000000   3.4000000000    .5336551397
   1.1000000000   3.5000000000    .5609783801
   1.1000000000   3.6000000000    .5887206426
   1.1000000000   3.7000000000    .6169646061
   1.1000000000   3.8000000000    .6450638541
   1.1000000000   3.9000000000    .6730534783
   1.1000000000   4.0000000000    .7012823822

   1.2000000000    .0000000000    .8198829051
   1.2000000000    .1000000000    .7728318973
   1.2000000000    .2000000000    .7269706975
   1.2000000000    .3000000000    .6824139112
   1.2000000000    .4000000000    .6388041571
   1.2000000000    .5000000000    .5961058073
   1.2000000000    .6000000000    .5550330336
   1.2000000000    .7000000000    .5152500211
   1.2000000000    .8000000000    .4765551309
   1.2000000000    .9000000000    .4389236262
   1.2000000000   1.0000000000    .4027458928
   1.2000000000   1.1000000000    .3684023959
   1.2000000000   1.2000000000    .3361665470
   1.2000000000   1.3000000000    .3050443527
   1.2000000000   1.4000000000    .2756104125
   1.2000000000   1.5000000000    .2486230588
   1.2000000000   1.6000000000    .2237968512
   1.2000000000   1.7000000000    .2019175158
   1.2000000000   1.8000000000    .1841790284
   1.2000000000   1.9000000000    .1700446524
   1.2000000000   2.0000000000    .1759682871
   1.2000000000   2.1000000000    .1873280008
   1.2000000000   2.2000000000    .2027689268
   1.2000000000   2.3000000000    .2212185033
   1.2000000000   2.4000000000    .2413118424
   1.2000000000   2.5000000000    .2622646488
   1.2000000000   2.6000000000    .2838966403
   1.2000000000   2.7000000000    .3079223721
   1.2000000000   2.8000000000    .3332022524
   1.2000000000   2.9000000000    .3591987772
   1.2000000000   3.0000000000    .3861186336
   1.2000000000   3.1000000000    .4131042935
   1.2000000000   3.2000000000    .4406427343
   1.2000000000   3.3000000000    .4681110024
   1.2000000000   3.4000000000    .4959929530
   1.2000000000   3.5000000000    .5239146103
   1.2000000000   3.6000000000    .5523127534
   1.2000000000   3.7000000000    .5813141211
   1.2000000000   3.8000000000    .6101309161
   1.2000000000   3.9000000000    .6389261501
   1.2000000000   4.0000000000    .6677667464

   1.3000000000    .0000000000    .8927524348
   1.3000000000    .1000000000    .8439248831
   1.3000000000    .2000000000    .7961965138
   1.3000000000    .3000000000    .7494228005
   1.3000000000    .4000000000    .7035811908
   1.3000000000    .5000000000    .6586459069
   1.3000000000    .6000000000    .6147853365
   1.3000000000    .7000000000    .5720122440
   1.3000000000    .8000000000    .5301769972
   1.3000000000    .9000000000    .4899274959
   1.3000000000   1.0000000000    .4511598692
   1.3000000000   1.1000000000    .4132079469
   1.3000000000   1.2000000000    .3767291696
   1.3000000000   1.3000000000    .3421913685
   1.3000000000   1.4000000000    .3099004565
   1.3000000000   1.5000000000    .2797191372
   1.3000000000   1.6000000000    .2511596626
   1.3000000000   1.7000000000    .2243984696
   1.3000000000   1.8000000000    .2008908932
   1.3000000000   1.9000000000    .1811595143
   1.3000000000   2.0000000000    .1687775724
   1.3000000000   2.1000000000    .1669638491
   1.3000000000   2.2000000000    .1728640727
   1.3000000000   2.3000000000    .1847221265
   1.3000000000   2.4000000000    .2023071492
   1.3000000000   2.5000000000    .2219719967
   1.3000000000   2.6000000000    .2434214453
   1.3000000000   2.7000000000    .2656884992
   1.3000000000   2.8000000000    .2907643842
   1.3000000000   2.9000000000    .3171185381
   1.3000000000   3.0000000000    .3446395928
   1.3000000000   3.1000000000    .3721625589
   1.3000000000   3.2000000000    .4002485159
   1.3000000000   3.3000000000    .4285028925
   1.3000000000   3.4000000000    .4572717704
   1.3000000000   3.5000000000    .4861673472
   1.3000000000   3.6000000000    .5155156675
   1.3000000000   3.7000000000    .5451522497
   1.3000000000   3.8000000000    .5745812691
   1.3000000000   3.9000000000    .6039180927
   1.3000000000   4.0000000000    .6332787121

   1.4000000000    .0000000000    .9697201817
   1.4000000000    .1000000000    .9190513877
   1.4000000000    .2000000000    .8693583254
   1.4000000000    .3000000000    .8206310943
   1.4000000000    .4000000000    .7728539986
   1.4000000000    .5000000000    .7260068577
   1.4000000000    .6000000000    .6800868105
   1.4000000000    .7000000000    .6350961408
   1.4000000000    .8000000000    .5909633222
   1.4000000000    .9000000000    .5479510074
   1.4000000000   1.0000000000    .5064051936
   1.4000000000   1.1000000000    .4659737604
   1.4000000000   1.2000000000    .4268467736
   1.4000000000   1.3000000000    .3898092658
   1.4000000000   1.4000000000    .3537015162
   1.4000000000   1.5000000000    .3190842468
   1.4000000000   1.6000000000    .2885113534
   1.4000000000   1.7000000000    .2603845787
   1.4000000000   1.8000000000    .2330973838
   1.4000000000   1.9000000000    .2079790071
   1.4000000000   2.0000000000    .1872588304
   1.4000000000   2.1000000000    .1723680269
   1.4000000000   2.2000000000    .1675850140
   1.4000000000   2.3000000000    .1674397234
   1.4000000000   2.4000000000    .1743266733
   1.4000000000   2.5000000000    .1889190096
   1.4000000000   2.6000000000    .2078793596
   1.4000000000   2.7000000000    .2291233971
   1.4000000000   2.8000000000    .2520670654
   1.4000000000   2.9000000000    .2780166467
   1.4000000000   3.0000000000    .3052856142
   1.4000000000   3.1000000000    .3334150732
   1.4000000000   3.2000000000    .3619595439
   1.4000000000   3.3000000000    .3907144922
   1.4000000000   3.4000000000    .4198718229
   1.4000000000   3.5000000000    .4492132430
   1.4000000000   3.6000000000    .4790456097
   1.4000000000   3.7000000000    .5090669967
   1.4000000000   3.8000000000    .5389231810
   1.4000000000   3.9000000000    .5686475141
   1.4000000000   4.0000000000    .5986976494

   1.5000000000    .0000000000   1.0502681509
   1.5000000000    .1000000000    .9976629758
   1.5000000000    .2000000000    .9460182677
   1.5000000000    .3000000000    .8953385496
   1.5000000000    .4000000000    .8456680403
   1.5000000000    .5000000000    .7969539350
   1.5000000000    .6000000000    .7491770258
   1.5000000000    .7000000000    .7023144719
   1.5000000000    .8000000000    .6564541429
   1.5000000000    .9000000000    .6120439655
   1.5000000000   1.0000000000    .5685962144
   1.5000000000   1.1000000000    .5261184118
   1.5000000000   1.2000000000    .4843776866
   1.5000000000   1.3000000000    .4444149219
   1.5000000000   1.4000000000    .4064267202
   1.5000000000   1.5000000000    .3704006091
   1.5000000000   1.6000000000    .3354096368
   1.5000000000   1.7000000000    .3026327112
   1.5000000000   1.8000000000    .2727837823
   1.5000000000   1.9000000000    .2456067022
   1.5000000000   2.0000000000    .2204247579
   1.5000000000   2.1000000000    .1980415784
   1.5000000000   2.2000000000    .1808088007
   1.5000000000   2.3000000000    .1716812997
   1.5000000000   2.4000000000    .1689809891
   1.5000000000   2.5000000000    .1716821323
   1.5000000000   2.6000000000    .1825775262
   1.5000000000   2.7000000000    .1999681671
   1.5000000000   2.8000000000    .2203553383
   1.5000000000   2.9000000000    .2427775274
   1.5000000000   3.0000000000    .2687553627
   1.5000000000   3.1000000000    .2962821400
   1.5000000000   3.2000000000    .3243686300
   1.5000000000   3.3000000000    .3533094587
   1.5000000000   3.4000000000    .3829275128
   1.5000000000   3.5000000000    .4128534394
   1.5000000000   3.6000000000    .4433004834
   1.5000000000   3.7000000000    .4738492012
   1.5000000000   3.8000000000    .5042858199
   1.5000000000   3.9000000000    .5345260567
   1.5000000000   4.0000000000    .5654014290

   1.6000000000    .0000000000   1.1345462851
   1.6000000000    .1000000000   1.0800451569
   1.6000000000    .2000000000   1.0265272103
   1.6000000000    .3000000000    .9739720031
   1.6000000000    .4000000000    .9223835042
   1.6000000000    .5000000000    .8717570698
   1.6000000000    .6000000000    .8220814577
   1.6000000000    .7000000000    .7733403752
   1.6000000000    .8000000000    .7261233808
   1.6000000000    .9000000000    .6803932091
   1.6000000000   1.0000000000    .6354882601
   1.6000000000   1.1000000000    .5913840949
   1.6000000000   1.2000000000    .5482644828
   1.6000000000   1.3000000000    .5066275357
   1.6000000000   1.4000000000    .4671637462
   1.6000000000   1.5000000000    .4286287983
   1.6000000000   1.6000000000    .3909473776
   1.6000000000   1.7000000000    .3549204904
   1.6000000000   1.8000000000    .3216691846
   1.6000000000   1.9000000000    .2908583535
   1.6000000000   2.0000000000    .2617873019
   1.6000000000   2.1000000000    .2361425568
   1.6000000000   2.2000000000    .2138933776
   1.6000000000   2.3000000000    .1949666858
   1.6000000000   2.4000000000    .1827215735
   1.6000000000   2.5000000000    .1761867816
   1.6000000000   2.6000000000    .1750229280
   1.6000000000   2.7000000000    .1803625925
   1.6000000000   2.8000000000    .1945731298
   1.6000000000   2.9000000000    .2136713596
   1.6000000000   3.0000000000    .2356994763
   1.6000000000   3.1000000000    .2614703950
   1.6000000000   3.2000000000    .2892260245
   1.6000000000   3.3000000000    .3178908050
   1.6000000000   3.4000000000    .3472192697
   1.6000000000   3.5000000000    .3771297521
   1.6000000000   3.6000000000    .4076105589
   1.6000000000   3.7000000000    .4381936697
   1.6000000000   3.8000000000    .4687223437
   1.6000000000   3.9000000000    .4993690922
   1.6000000000   4.0000000000    .5311420781

   1.7000000000    .0000000000   1.2230063665
   1.7000000000    .1000000000   1.1664862940
   1.7000000000    .2000000000   1.1111272980
   1.7000000000    .3000000000   1.0567130022
   1.7000000000    .4000000000   1.0032617870
   1.7000000000    .5000000000    .9507799572
   1.7000000000    .6000000000    .8992645912
   1.7000000000    .7000000000    .8490747264
   1.7000000000    .8000000000    .8004350681
   1.7000000000    .9000000000    .7529605620
   1.7000000000   1.0000000000    .7063313618
   1.7000000000   1.1000000000    .6605848707
   1.7000000000   1.2000000000    .6160730423
   1.7000000000   1.3000000000    .5733012982
   1.7000000000   1.4000000000    .5328394873
   1.7000000000   1.5000000000    .4930478326
   1.7000000000   1.6000000000    .4538616659
   1.7000000000   1.7000000000    .4156460510
   1.7000000000   1.8000000000    .3784731381
   1.7000000000   1.9000000000    .3437314136
   1.7000000000   2.0000000000    .3121809114
   1.7000000000   2.1000000000    .2832703241
   1.7000000000   2.2000000000    .2560905545
   1.7000000000   2.3000000000    .2324196479
   1.7000000000   2.4000000000    .2131329647
   1.7000000000   2.5000000000    .1981492298
   1.7000000000   2.6000000000    .1873279735
   1.7000000000   2.7000000000    .1812835248
   1.7000000000   2.8000000000    .1821949729
   1.7000000000   2.9000000000    .1915427742
   1.7000000000   3.0000000000    .2081657411
   1.7000000000   3.1000000000    .2296216983
   1.7000000000   3.2000000000    .2554386913
   1.7000000000   3.3000000000    .2833565340
   1.7000000000   3.4000000000    .3122007762
   1.7000000000   3.5000000000    .3420724978
   1.7000000000   3.6000000000    .3726229186
   1.7000000000   3.7000000000    .4034071748
   1.7000000000   3.8000000000    .4342655592
   1.7000000000   3.9000000000    .4658450796
   1.7000000000   4.0000000000    .4977925310

   1.8000000000    .0000000000   1.3148344755
   1.8000000000    .1000000000   1.2562630331
   1.8000000000    .2000000000   1.1991303541
   1.8000000000    .3000000000   1.1429000112
   1.8000000000    .4000000000   1.0876108741
   1.8000000000    .5000000000   1.0332847903
   1.8000000000    .6000000000    .9801373971
   1.8000000000    .7000000000    .9283615955
   1.8000000000    .8000000000    .8780005401
   1.8000000000    .9000000000    .8290045478
   1.8000000000   1.0000000000    .7808815673
   1.8000000000   1.1000000000    .7336827655
   1.8000000000   1.2000000000    .6877214199
   1.8000000000   1.3000000000    .6437248430
   1.8000000000   1.4000000000    .6015332655
   1.8000000000   1.5000000000    .5603901205
   1.8000000000   1.6000000000    .5199017605
   1.8000000000   1.7000000000    .4804577819
   1.8000000000   1.8000000000    .4419519804
   1.8000000000   1.9000000000    .4048583928
   1.8000000000   2.0000000000    .3701851693
   1.8000000000   2.1000000000    .3382957267
   1.8000000000   2.2000000000    .3079008209
   1.8000000000   2.3000000000    .2800486669
   1.8000000000   2.4000000000    .2551917947
   1.8000000000   2.5000000000    .2329822575
   1.8000000000   2.6000000000    .2166839447
   1.8000000000   2.7000000000    .2030898945
   1.8000000000   2.8000000000    .1920057258
   1.8000000000   2.9000000000    .1866852495
   1.8000000000   3.0000000000    .1906022846
   1.8000000000   3.1000000000    .2046152208
   1.8000000000   3.2000000000    .2241440448
   1.8000000000   3.3000000000    .2502033467
   1.8000000000   3.4000000000    .2781649522
   1.8000000000   3.5000000000    .3074336550
   1.8000000000   3.6000000000    .3379292021
   1.8000000000   3.7000000000    .3688304988
   1.8000000000   3.8000000000    .4000333207
   1.8000000000   3.9000000000    .4321160142
   1.8000000000   4.0000000000    .4642389266

   1.9000000000    .0000000000   1.4098965539
   1.9000000000    .1000000000   1.3496565465
   1.9000000000    .2000000000   1.2904948038
   1.9000000000    .3000000000   1.2325239787
   1.9000000000    .4000000000   1.1754460291
   1.9000000000    .5000000000   1.1193354604
   1.9000000000    .6000000000   1.0646561141
   1.9000000000    .7000000000   1.0111523393
   1.9000000000    .8000000000    .9592154710
   1.9000000000    .9000000000    .9085538997
   1.9000000000   1.0000000000    .8588904183
   1.9000000000   1.1000000000    .8101672048
   1.9000000000   1.2000000000    .7627646781
   1.9000000000   1.3000000000    .7173577404
   1.9000000000   1.4000000000    .6735254041
   1.9000000000   1.5000000000    .6310800252
   1.9000000000   1.6000000000    .5892919087
   1.9000000000   1.7000000000    .5484819736
   1.9000000000   1.8000000000    .5086717996
   1.9000000000   1.9000000000    .4705474409
   1.9000000000   2.0000000000    .4337962790
   1.9000000000   2.1000000000    .3988729154
   1.9000000000   2.2000000000    .3671382890
   1.9000000000   2.3000000000    .3365479569
   1.9000000000   2.4000000000    .3077942572
   1.9000000000   2.5000000000    .2811857168
   1.9000000000   2.6000000000    .2573888331
   1.9000000000   2.7000000000    .2379249968
   1.9000000000   2.8000000000    .2216164784
   1.9000000000   2.9000000000    .2083841175
   1.9000000000   3.0000000000    .1968655487
   1.9000000000   3.1000000000    .1931939598
   1.9000000000   3.2000000000    .2018152647
   1.9000000000   3.3000000000    .2203555269
   1.9000000000   3.4000000000    .2454015312
   1.9000000000   3.5000000000    .2735884816
   1.9000000000   3.6000000000    .3038970067
   1.9000000000   3.7000000000    .3344186429
   1.9000000000   3.8000000000    .3659977754
   1.9000000000   3.9000000000    .3981953432
   1.9000000000   4.0000000000    .4308888004

   2.0000000000    .0000000000   1.5079611211
   2.0000000000    .1000000000   1.4463137618
   2.0000000000    .2000000000   1.3852790088
   2.0000000000    .3000000000   1.3255381762
   2.0000000000    .4000000000   1.2668357593
   2.0000000000    .5000000000   1.2092853825
   2.0000000000    .6000000000   1.1531155447
   2.0000000000    .7000000000   1.0978517191
   2.0000000000    .8000000000   1.0441237967
   2.0000000000    .9000000000    .9918447549
   2.0000000000   1.0000000000    .9406913833
   2.0000000000   1.1000000000    .8903575659
   2.0000000000   1.2000000000    .8414386182
   2.0000000000   1.3000000000    .7943229576
   2.0000000000   1.4000000000    .7490427006
   2.0000000000   1.5000000000    .7049014424
   2.0000000000   1.6000000000    .6619931740
   2.0000000000   1.7000000000    .6200524971
   2.0000000000   1.8000000000    .5792437695
   2.0000000000   1.9000000000    .5398342547
   2.0000000000   2.0000000000    .5016976482
   2.0000000000   2.1000000000    .4647033026
   2.0000000000   2.2000000000    .4292594010
   2.0000000000   2.3000000000    .3977286614
   2.0000000000   2.4000000000    .3668646024
   2.0000000000   2.5000000000    .3379525357
   2.0000000000   2.6000000000    .3109438732
   2.0000000000   2.7000000000    .2858010795
   2.0000000000   2.8000000000    .2636972216
   2.0000000000   2.9000000000    .2445762545
   2.0000000000   3.0000000000    .2282385790
   2.0000000000   3.1000000000    .2140296375
   2.0000000000   3.2000000000    .2021196679
   2.0000000000   3.3000000000    .2007354876
   2.0000000000   3.4000000000    .2164601680
   2.0000000000   3.5000000000    .2422274702
   2.0000000000   3.6000000000    .2706959490
   2.0000000000   3.7000000000    .3006817623
   2.0000000000   3.8000000000    .3326962901
   2.0000000000   3.9000000000    .3652157872
   2.0000000000   4.0000000000    .3976037064

   2.1000000000    .0000000000   1.6094125479
   2.1000000000    .1000000000   1.5459499861
   2.1000000000    .2000000000   1.4835898172
   2.1000000000    .3000000000   1.4218471261
   2.1000000000    .4000000000   1.3616853228
   2.1000000000    .5000000000   1.3028540104
   2.1000000000    .6000000000   1.2450544843
   2.1000000000    .7000000000   1.1881195374
   2.1000000000    .8000000000   1.1323995962
   2.1000000000    .9000000000   1.0783966770
   2.1000000000   1.0000000000   1.0257398194
   2.1000000000   1.1000000000    .9739039723
   2.1000000000   1.2000000000    .9233743275
   2.1000000000   1.3000000000    .8744749762
   2.1000000000   1.4000000000    .8276053167
   2.1000000000   1.5000000000    .7821286771
   2.1000000000   1.6000000000    .7381435937
   2.1000000000   1.7000000000    .6949218155
   2.1000000000   1.8000000000    .6531785048
   2.1000000000   1.9000000000    .6123060341
   2.1000000000   2.0000000000    .5729289848
   2.1000000000   2.1000000000    .5347468081
   2.1000000000   2.2000000000    .4974449392
   2.1000000000   2.3000000000    .4623502478
   2.1000000000   2.4000000000    .4305579609
   2.1000000000   2.5000000000    .3995252114
   2.1000000000   2.6000000000    .3701263539
   2.1000000000   2.7000000000    .3425084164
   2.1000000000   2.8000000000    .3167915226
   2.1000000000   2.9000000000    .2930529666
   2.1000000000   3.0000000000    .2729308851
   2.1000000000   3.1000000000    .2543089753
   2.1000000000   3.2000000000    .2369282563
   2.1000000000   3.3000000000    .2206810517
   2.1000000000   3.4000000000    .2080606447
   2.1000000000   3.5000000000    .2130174726
   2.1000000000   3.6000000000    .2392050257
   2.1000000000   3.7000000000    .2696918033
   2.1000000000   3.8000000000    .3008399391
   2.1000000000   3.9000000000    .3323818699
   2.1000000000   4.0000000000    .3649067195

   2.2000000000    .0000000000   1.7148757542
   2.2000000000    .1000000000   1.6487105509
   2.2000000000    .2000000000   1.5848517843
   2.2000000000    .3000000000   1.5218357485
   2.2000000000    .4000000000   1.4599428046
   2.2000000000    .5000000000   1.3997275123
   2.2000000000    .6000000000   1.3404104028
   2.2000000000    .7000000000   1.2818813783
   2.2000000000    .8000000000   1.2242089723
   2.2000000000    .9000000000   1.1682820241
   2.2000000000   1.0000000000   1.1140612667
   2.2000000000   1.1000000000   1.0607475220
   2.2000000000   1.2000000000   1.0084935337
   2.2000000000   1.3000000000    .9577576252
   2.2000000000   1.4000000000    .9091734049
   2.2000000000   1.5000000000    .8626669817
   2.2000000000   1.6000000000    .8170862719
   2.2000000000   1.7000000000    .7729429647
   2.2000000000   1.8000000000    .7299681167
   2.2000000000   1.9000000000    .6879278906
   2.2000000000   2.0000000000    .6470806101
   2.2000000000   2.1000000000    .6075832279
   2.2000000000   2.2000000000    .5695034419
   2.2000000000   2.3000000000    .5324679701
   2.2000000000   2.4000000000    .4971435314
   2.2000000000   2.5000000000    .4648594985
   2.2000000000   2.6000000000    .4336433351
   2.2000000000   2.7000000000    .4039757440
   2.2000000000   2.8000000000    .3759770449
   2.2000000000   2.9000000000    .3499115207
   2.2000000000   3.0000000000    .3251896097
   2.2000000000   3.1000000000    .3042968045
   2.2000000000   3.2000000000    .2845146740
   2.2000000000   3.3000000000    .2666310220
   2.2000000000   3.4000000000    .2491423312
   2.2000000000   3.5000000000    .2321460719
   2.2000000000   3.6000000000    .2169158989
   2.2000000000   3.7000000000    .2404987867
   2.2000000000   3.8000000000    .2710053854
   2.2000000000   3.9000000000    .3030581472
   2.2000000000   4.0000000000    .3351600462

   2.3000000000    .0000000000   1.8229773666
   2.3000000000    .1000000000   1.7557434518
   2.3000000000    .2000000000   1.6891205465
   2.3000000000    .3000000000   1.6248100824
   2.3000000000    .4000000000   1.5616678852
   2.3000000000    .5000000000   1.4997676457
   2.3000000000    .6000000000   1.4391099510
   2.3000000000    .7000000000   1.3791122555
   2.3000000000    .8000000000   1.3198850157
   2.3000000000    .9000000000   1.2617408761
   2.3000000000   1.0000000000   1.2056855277
   2.3000000000   1.1000000000   1.1509318602
   2.3000000000   1.2000000000   1.0971766470
   2.3000000000   1.3000000000   1.0448713996
   2.3000000000   1.4000000000    .9942925760
   2.3000000000   1.5000000000    .9460001985
   2.3000000000   1.6000000000    .8991591222
   2.3000000000   1.7000000000    .8537493172
   2.3000000000   1.8000000000    .8094837127
   2.3000000000   1.9000000000    .7663260258
   2.3000000000   2.0000000000    .7241616219
   2.3000000000   2.1000000000    .6834424287
   2.3000000000   2.2000000000    .6441840856
   2.3000000000   2.3000000000    .6061476134
   2.3000000000   2.4000000000    .5691035740
   2.3000000000   2.5000000000    .5337424062
   2.3000000000   2.6000000000    .5008555614
   2.3000000000   2.7000000000    .4695308470
   2.3000000000   2.8000000000    .4397176454
   2.3000000000   2.9000000000    .4113731958
   2.3000000000   3.0000000000    .3849908908
   2.3000000000   3.1000000000    .3598367582
   2.3000000000   3.2000000000    .3377846540
   2.3000000000   3.3000000000    .3178273014
   2.3000000000   3.4000000000    .2995967374
   2.3000000000   3.5000000000    .2826190097
   2.3000000000   3.6000000000    .2668260821
   2.3000000000   3.7000000000    .2546994418
   2.3000000000   3.8000000000    .2569221779
   2.3000000000   3.9000000000    .2802262707
   2.3000000000   4.0000000000    .3082560822

   2.4000000000    .0000000000   1.9323020370
   2.4000000000    .1000000000   1.8652773376
   2.4000000000    .2000000000   1.7976806236
   2.4000000000    .3000000000   1.7308767685
   2.4000000000    .4000000000   1.6664239419
   2.4000000000    .5000000000   1.6030967232
   2.4000000000    .6000000000   1.5409958670
   2.4000000000    .7000000000   1.4797275912
   2.4000000000    .8000000000   1.4190864009
   2.4000000000    .9000000000   1.3591949067
   2.4000000000   1.0000000000   1.3009388553
   2.4000000000   1.1000000000   1.2444899535
   2.4000000000   1.2000000000   1.1893308199
   2.4000000000   1.3000000000   1.1354526874
   2.4000000000   1.4000000000   1.0829553195
   2.4000000000   1.5000000000   1.0324215853
   2.4000000000   1.6000000000    .9842716616
   2.4000000000   1.7000000000    .9374506299
   2.4000000000   1.8000000000    .8921241862
   2.4000000000   1.9000000000    .8477042467
   2.4000000000   2.0000000000    .8043156776
   2.4000000000   2.1000000000    .7621376626
   2.4000000000   2.2000000000    .7218491121
   2.4000000000   2.3000000000    .6828643151
   2.4000000000   2.4000000000    .6446630520
   2.4000000000   2.5000000000    .6075985812
   2.4000000000   2.6000000000    .5721885521
   2.4000000000   2.7000000000    .5386092456
   2.4000000000   2.8000000000    .5071116595
   2.4000000000   2.9000000000    .4771640886
   2.4000000000   3.0000000000    .4486427445
   2.4000000000   3.1000000000    .4220659319
   2.4000000000   3.2000000000    .3970942645
   2.4000000000   3.3000000000    .3741605314
   2.4000000000   3.4000000000    .3541469834
   2.4000000000   3.5000000000    .3353215102
   2.4000000000   3.6000000000    .3192861194
   2.4000000000   3.7000000000    .3049291630
   2.4000000000   3.8000000000    .2935790413
   2.4000000000   3.9000000000    .2902934508
   2.4000000000   4.0000000000    .3002330346

   2.5000000000    .0000000000   2.0412688499
   2.5000000000    .1000000000   1.9756713604
   2.5000000000    .2000000000   1.9086674088
   2.5000000000    .3000000000   1.8410083788
   2.5000000000    .4000000000   1.7740675077
   2.5000000000    .5000000000   1.7095611882
   2.5000000000    .6000000000   1.6460814108
   2.5000000000    .7000000000   1.5835467024
   2.5000000000    .8000000000   1.5217142698
   2.5000000000    .9000000000   1.4604705477
   2.5000000000   1.0000000000   1.3999750181
   2.5000000000   1.1000000000   1.3416400479
   2.5000000000   1.2000000000   1.2850094497
   2.5000000000   1.3000000000   1.2297860124
   2.5000000000   1.4000000000   1.1754797247
   2.5000000000   1.5000000000   1.1226783062
   2.5000000000   1.6000000000   1.0722902991
   2.5000000000   1.7000000000   1.0245187645
   2.5000000000   1.8000000000    .9776428330
   2.5000000000   1.9000000000    .9321111176
   2.5000000000   2.0000000000    .8875828832
   2.5000000000   2.1000000000    .8442453184
   2.5000000000   2.2000000000    .8024859528
   2.5000000000   2.3000000000    .7622580459
   2.5000000000   2.4000000000    .7232233923
   2.5000000000   2.5000000000    .6848226044
   2.5000000000   2.6000000000    .6477028384
   2.5000000000   2.7000000000    .6122551271
   2.5000000000   2.8000000000    .5780877713
   2.5000000000   2.9000000000    .5466435428
   2.5000000000   3.0000000000    .5168889383
   2.5000000000   3.1000000000    .4884483834
   2.5000000000   3.2000000000    .4615990729
   2.5000000000   3.3000000000    .4366432321
   2.5000000000   3.4000000000    .4126379739
   2.5000000000   3.5000000000    .3923924035
   2.5000000000   3.6000000000    .3742793704
   2.5000000000   3.7000000000    .3579623541
   2.5000000000   3.8000000000    .3447092782
   2.5000000000   3.9000000000    .3336449692
   2.5000000000   4.0000000000    .3279063899

   2.6000000000    .0000000000   2.1487605452
   2.6000000000    .1000000000   2.0852402113
   2.6000000000    .2000000000   2.0200931167
   2.6000000000    .3000000000   1.9535113741
   2.6000000000    .4000000000   1.8857716219
   2.6000000000    .5000000000   1.8187920376
   2.6000000000    .6000000000   1.7544586600
   2.6000000000    .7000000000   1.6904933139
   2.6000000000    .8000000000   1.6275588706
   2.6000000000    .9000000000   1.5652145550
   2.6000000000   1.0000000000   1.5034139073
   2.6000000000   1.1000000000   1.4427860166
   2.6000000000   1.2000000000   1.3843477255
   2.6000000000   1.3000000000   1.3276057741
   2.6000000000   1.4000000000   1.2718710551
   2.6000000000   1.5000000000   1.2172410882
   2.6000000000   1.6000000000   1.1643047889
   2.6000000000   1.7000000000   1.1145338486
   2.6000000000   1.8000000000   1.0665281647
   2.6000000000   1.9000000000   1.0196121952
   2.6000000000   2.0000000000    .9738556257
   2.6000000000   2.1000000000    .9292513982
   2.6000000000   2.2000000000    .8864980832
   2.6000000000   2.3000000000    .8447989398
   2.6000000000   2.4000000000    .8043815098
   2.6000000000   2.5000000000    .7653035740
   2.6000000000   2.6000000000    .7267852637
   2.6000000000   2.7000000000    .6896714922
   2.6000000000   2.8000000000    .6545545970
   2.6000000000   2.9000000000    .6203329900
   2.6000000000   3.0000000000    .5886302124
   2.6000000000   3.1000000000    .5588101648
   2.6000000000   3.2000000000    .5302044650
   2.6000000000   3.3000000000    .5029208529
   2.6000000000   3.4000000000    .4778057545
   2.6000000000   3.5000000000    .4540125134
   2.6000000000   3.6000000000    .4333014928
   2.6000000000   3.7000000000    .4151267202
   2.6000000000   3.8000000000    .3989490620
   2.6000000000   3.9000000000    .3856683099
   2.6000000000   4.0000000000    .3749245839

   2.7000000000    .0000000000   2.2509785810
   2.7000000000    .1000000000   2.1927650601
   2.7000000000    .2000000000   2.1301948260
   2.7000000000    .3000000000   2.0659394109
   2.7000000000    .4000000000   1.9997324116
   2.7000000000    .5000000000   1.9319308273
   2.7000000000    .6000000000   1.8655826316
   2.7000000000    .7000000000   1.8008640810
   2.7000000000    .8000000000   1.7364745499
   2.7000000000    .9000000000   1.6731808720
   2.7000000000   1.0000000000   1.6103840798
   2.7000000000   1.1000000000   1.5483747781
   2.7000000000   1.2000000000   1.4878108489
   2.7000000000   1.3000000000   1.4290120223
   2.7000000000   1.4000000000   1.3719610811
   2.7000000000   1.5000000000   1.3157535705
   2.7000000000   1.6000000000   1.2608099848
   2.7000000000   1.7000000000   1.2082885933
   2.7000000000   1.8000000000   1.1585500103
   2.7000000000   1.9000000000   1.1103340551
   2.7000000000   2.0000000000   1.0634274806
   2.7000000000   2.1000000000   1.0174176904
   2.7000000000   2.2000000000    .9734790024
   2.7000000000   2.3000000000    .9307092740
   2.7000000000   2.4000000000    .8889456566
   2.7000000000   2.5000000000    .8484447229
   2.7000000000   2.6000000000    .8093598965
   2.7000000000   2.7000000000    .7710089897
   2.7000000000   2.8000000000    .7343679326
   2.7000000000   2.9000000000    .6992962941
   2.7000000000   3.0000000000    .6648988705
   2.7000000000   3.1000000000    .6326156299
   2.7000000000   3.2000000000    .6027261697
   2.7000000000   3.3000000000    .5738954266
   2.7000000000   3.4000000000    .5465747006
   2.7000000000   3.5000000000    .5213025266
   2.7000000000   3.6000000000    .4982085124
   2.7000000000   3.7000000000    .4763913179
   2.7000000000   3.8000000000    .4581438075
   2.7000000000   3.9000000000    .4420147126
   2.7000000000   4.0000000000    .4285384623

   2.8000000000    .0000000000   2.3472128115
   2.8000000000    .1000000000   2.2943097378
   2.8000000000    .2000000000   2.2375321549
   2.8000000000    .3000000000   2.1765026574
   2.8000000000    .4000000000   2.1130456533
   2.8000000000    .5000000000   2.0473309504
   2.8000000000    .6000000000   1.9798826150
   2.8000000000    .7000000000   1.9139954476
   2.8000000000    .8000000000   1.8489162360
   2.8000000000    .9000000000   1.7841751575
   2.8000000000   1.0000000000   1.7206160411
   2.8000000000   1.1000000000   1.6577613320
   2.8000000000   1.2000000000   1.5956135610
   2.8000000000   1.3000000000   1.5347321099
   2.8000000000   1.4000000000   1.4757277039
   2.8000000000   1.5000000000   1.4182539474
   2.8000000000   1.6000000000   1.3616151329
   2.8000000000   1.7000000000   1.3068540389
   2.8000000000   1.8000000000   1.2542814612
   2.8000000000   1.9000000000   1.2045306669
   2.8000000000   2.0000000000   1.1561386608
   2.8000000000   2.1000000000   1.1091906481
   2.8000000000   2.2000000000   1.0636547614
   2.8000000000   2.3000000000   1.0198115943
   2.8000000000   2.4000000000    .9769359570
   2.8000000000   2.5000000000    .9351489704
   2.8000000000   2.6000000000    .8947156536
   2.8000000000   2.7000000000    .8558694833
   2.8000000000   2.8000000000    .8178816084
   2.8000000000   2.9000000000    .7812123948
   2.8000000000   3.0000000000    .7460905549
   2.8000000000   3.1000000000    .7118294446
   2.8000000000   3.2000000000    .6788996120
   2.8000000000   3.3000000000    .6486470968
   2.8000000000   3.4000000000    .6198933262
   2.8000000000   3.5000000000    .5925178062
   2.8000000000   3.6000000000    .5673560021
   2.8000000000   3.7000000000    .5444799348
   2.8000000000   3.8000000000    .5225447069
   2.8000000000   3.9000000000    .5030445201
   2.8000000000   4.0000000000    .4873153497

   2.9000000000    .0000000000   2.4349121185
   2.9000000000    .1000000000   2.3891437064
   2.9000000000    .2000000000   2.3381564731
   2.9000000000    .3000000000   2.2833419185
   2.9000000000    .4000000000   2.2238880999
   2.9000000000    .5000000000   2.1614123577
   2.9000000000    .6000000000   2.0963963322
   2.9000000000    .7000000000   2.0299597718
   2.9000000000    .8000000000   1.9641345627
   2.9000000000    .9000000000   1.8987579735
   2.9000000000   1.0000000000   1.8338920644
   2.9000000000   1.1000000000   1.7703733141
   2.9000000000   1.2000000000   1.7072295221
   2.9000000000   1.3000000000   1.6449247984
   2.9000000000   1.4000000000   1.5839518473
   2.9000000000   1.5000000000   1.5245708627
   2.9000000000   1.6000000000   1.4666774206
   2.9000000000   1.7000000000   1.4100551614
   2.9000000000   1.8000000000   1.3551240920
   2.9000000000   1.9000000000   1.3024099005
   2.9000000000   2.0000000000   1.2525888944
   2.9000000000   2.1000000000   1.2040933288
   2.9000000000   2.2000000000   1.1575952281
   2.9000000000   2.3000000000   1.1122297803
   2.9000000000   2.4000000000   1.0683549853
   2.9000000000   2.5000000000   1.0254801169
   2.9000000000   2.6000000000    .9836557302
   2.9000000000   2.7000000000    .9433470885
   2.9000000000   2.8000000000    .9049304445
   2.9000000000   2.9000000000    .8670120991
   2.9000000000   3.0000000000    .8303043304
   2.9000000000   3.1000000000    .7951199840
   2.9000000000   3.2000000000    .7610935635
   2.9000000000   3.3000000000    .7275690902
   2.9000000000   3.4000000000    .6969294916
   2.9000000000   3.5000000000    .6681844161
   2.9000000000   3.6000000000    .6411325639
   2.9000000000   3.7000000000    .6160381383
   2.9000000000   3.8000000000    .5929342375
   2.9000000000   3.9000000000    .5712303078
   2.9000000000   4.0000000000    .5509166740

   3.0000000000    .0000000000   2.5083834818
   3.0000000000    .1000000000   2.4742181107
   3.0000000000    .2000000000   2.4313010356
   3.0000000000    .3000000000   2.3826818007
   3.0000000000    .4000000000   2.3299445688
   3.0000000000    .5000000000   2.2723109372
   3.0000000000    .6000000000   2.2110848539
   3.0000000000    .7000000000   2.1473296072
   3.0000000000    .8000000000   2.0817818221
   3.0000000000    .9000000000   2.0161282354
   3.0000000000   1.0000000000   1.9508406284
   3.0000000000   1.1000000000   1.8860920051
   3.0000000000   1.2000000000   1.8222413102
   3.0000000000   1.3000000000   1.7591058209
   3.0000000000   1.4000000000   1.6965068333
   3.0000000000   1.5000000000   1.6354863549
   3.0000000000   1.6000000000   1.5757502706
   3.0000000000   1.7000000000   1.5177217851
   3.0000000000   1.8000000000   1.4609896038
   3.0000000000   1.9000000000   1.4057831510
   3.0000000000   2.0000000000   1.3528806755
   3.0000000000   2.1000000000   1.3029233273
   3.0000000000   2.2000000000   1.2549148388
   3.0000000000   2.3000000000   1.2084086971
   3.0000000000   2.4000000000   1.1631798951
   3.0000000000   2.5000000000   1.1193441722
   3.0000000000   2.6000000000   1.0764457510
   3.0000000000   2.7000000000   1.0345809092
   3.0000000000   2.8000000000    .9946447917
   3.0000000000   2.9000000000    .9563800303
   3.0000000000   3.0000000000    .9185959842
   3.0000000000   3.1000000000    .8818373605
   3.0000000000   3.2000000000    .8467270217
   3.0000000000   3.3000000000    .8128371641
   3.0000000000   3.4000000000    .7795992420
   3.0000000000   3.5000000000    .7481921358
   3.0000000000   3.6000000000    .7192876418
   3.0000000000   3.7000000000    .6926002253
   3.0000000000   3.8000000000    .6675279720
   3.0000000000   3.9000000000    .6440077964
   3.0000000000   4.0000000000    .6222435077

   3.1000000000    .0000000000   2.5670561818
   3.1000000000    .1000000000   2.5435064531
   3.1000000000    .2000000000   2.5131940899
   3.1000000000    .3000000000   2.4738209183
   3.1000000000    .4000000000   2.4279669547
   3.1000000000    .5000000000   2.3772153766
   3.1000000000    .6000000000   2.3217518057
   3.1000000000    .7000000000   2.2620854881
   3.1000000000    .8000000000   2.2000326444
   3.1000000000    .9000000000   2.1354454752
   3.1000000000   1.0000000000   2.0703808648
   3.1000000000   1.1000000000   2.0052573674
   3.1000000000   1.2000000000   1.9405344011
   3.1000000000   1.3000000000   1.8764001397
   3.1000000000   1.4000000000   1.8133721421
   3.1000000000   1.5000000000   1.7507644507
   3.1000000000   1.6000000000   1.6895162046
   3.1000000000   1.7000000000   1.6296139728
   3.1000000000   1.8000000000   1.5715393606
   3.1000000000   1.9000000000   1.5145322820
   3.1000000000   2.0000000000   1.4590606975
   3.1000000000   2.1000000000   1.4059174863
   3.1000000000   2.2000000000   1.3561730033
   3.1000000000   2.3000000000   1.3083361319
   3.1000000000   2.4000000000   1.2619186775
   3.1000000000   2.5000000000   1.2167142797
   3.1000000000   2.6000000000   1.1728860942
   3.1000000000   2.7000000000   1.1300213776
   3.1000000000   2.8000000000   1.0881899185
   3.1000000000   2.9000000000   1.0486252465
   3.1000000000   3.0000000000   1.0104191181
   3.1000000000   3.1000000000    .9728387913
   3.1000000000   3.2000000000    .9360915949
   3.1000000000   3.3000000000    .9010287964
   3.1000000000   3.4000000000    .8673476661
   3.1000000000   3.5000000000    .8344491933
   3.1000000000   3.6000000000    .8022398111
   3.1000000000   3.7000000000    .7732981705
   3.1000000000   3.8000000000    .7467996764
   3.1000000000   3.9000000000    .7218208009
   3.1000000000   4.0000000000    .6980014105

   3.2000000000    .0000000000   2.6194411717
   3.2000000000    .1000000000   2.5988436490
   3.2000000000    .2000000000   2.5777128561
   3.2000000000    .3000000000   2.5517300078
   3.2000000000    .4000000000   2.5164615657
   3.2000000000    .5000000000   2.4738517701
   3.2000000000    .6000000000   2.4250465810
   3.2000000000    .7000000000   2.3721521838
   3.2000000000    .8000000000   2.3147126405
   3.2000000000    .9000000000   2.2543701046
   3.2000000000   1.0000000000   2.1913588073
   3.2000000000   1.1000000000   2.1268546329
   3.2000000000   1.2000000000   2.0620454275
   3.2000000000   1.3000000000   1.9973764916
   3.2000000000   1.4000000000   1.9331353980
   3.2000000000   1.5000000000   1.8702319624
   3.2000000000   1.6000000000   1.8077450978
   3.2000000000   1.7000000000   1.7462705979
   3.2000000000   1.8000000000   1.6866296249
   3.2000000000   1.9000000000   1.6281511086
   3.2000000000   2.0000000000   1.5709302912
   3.2000000000   2.1000000000   1.5152049655
   3.2000000000   2.2000000000   1.4620952748
   3.2000000000   2.3000000000   1.4122765230
   3.2000000000   2.4000000000   1.3645011085
   3.2000000000   2.5000000000   1.3182386949
   3.2000000000   2.6000000000   1.2730147394
   3.2000000000   2.7000000000   1.2292049779
   3.2000000000   2.8000000000   1.1864339592
   3.2000000000   2.9000000000   1.1446875401
   3.2000000000   3.0000000000   1.1054023399
   3.2000000000   3.1000000000   1.0672587275
   3.2000000000   3.2000000000   1.0299561462
   3.2000000000   3.3000000000    .9933224583
   3.2000000000   3.4000000000    .9582201216
   3.2000000000   3.5000000000    .9247867959
   3.2000000000   3.6000000000    .8922682118
   3.2000000000   3.7000000000    .8603091814
   3.2000000000   3.8000000000    .8309517860
   3.2000000000   3.9000000000    .8039777873
   3.2000000000   4.0000000000    .7792109895

   3.3000000000    .0000000000   2.6595715826
   3.3000000000    .1000000000   2.6470811163
   3.3000000000    .2000000000   2.6300236267
   3.3000000000    .3000000000   2.6107219512
   3.3000000000    .4000000000   2.5896892605
   3.3000000000    .5000000000   2.5587313749
   3.3000000000    .6000000000   2.5198147182
   3.3000000000    .7000000000   2.4735996076
   3.3000000000    .8000000000   2.4234658139
   3.3000000000    .9000000000   2.3687500574
   3.3000000000   1.0000000000   2.3107026803
   3.3000000000   1.1000000000   2.2493233825
   3.3000000000   1.2000000000   2.1854992142
   3.3000000000   1.3000000000   2.1214998563
   3.3000000000   1.4000000000   2.0569181324
   3.3000000000   1.5000000000   1.9927436468
   3.3000000000   1.6000000000   1.9299865248
   3.3000000000   1.7000000000   1.8676478669
   3.3000000000   1.8000000000   1.8063756715
   3.3000000000   1.9000000000   1.7466910796
   3.3000000000   2.0000000000   1.6878138994
   3.3000000000   2.1000000000   1.6304495739
   3.3000000000   2.2000000000   1.5747138055
   3.3000000000   2.3000000000   1.5215663188
   3.3000000000   2.4000000000   1.4713608300
   3.3000000000   2.5000000000   1.4236901423
   3.3000000000   2.6000000000   1.3775601278
   3.3000000000   2.7000000000   1.3324066726
   3.3000000000   2.8000000000   1.2885413475
   3.3000000000   2.9000000000   1.2459265320
   3.3000000000   3.0000000000   1.2044849586
   3.3000000000   3.1000000000   1.1652009616
   3.3000000000   3.2000000000   1.1271203333
   3.3000000000   3.3000000000   1.0901739134
   3.3000000000   3.4000000000   1.0537491331
   3.3000000000   3.5000000000   1.0188228143
   3.3000000000   3.6000000000    .9855642020
   3.3000000000   3.7000000000    .9532802746
   3.3000000000   3.8000000000    .9218815168
   3.3000000000   3.9000000000    .8921483142
   3.3000000000   4.0000000000    .8649933127

   3.4000000000    .0000000000   2.7130459429
   3.4000000000    .1000000000   2.6863327452
   3.4000000000    .2000000000   2.6734857167
   3.4000000000    .3000000000   2.6599617960
   3.4000000000    .4000000000   2.6431522586
   3.4000000000    .5000000000   2.6265032472
   3.4000000000    .6000000000   2.6005878170
   3.4000000000    .7000000000   2.5656874086
   3.4000000000    .8000000000   2.5230358123
   3.4000000000    .9000000000   2.4756674103
   3.4000000000   1.0000000000   2.4245167715
   3.4000000000   1.1000000000   2.3686608083
   3.4000000000   1.2000000000   2.3092591271
   3.4000000000   1.3000000000   2.2467298148
   3.4000000000   1.4000000000   2.1834985651
   3.4000000000   1.5000000000   2.1192342100
   3.4000000000   1.6000000000   2.0553189052
   3.4000000000   1.7000000000   1.9928375113
   3.4000000000   1.8000000000   1.9308409637
   3.4000000000   1.9000000000   1.8697565130
   3.4000000000   2.0000000000   1.8100667451
   3.4000000000   2.1000000000   1.7508827135
   3.4000000000   2.2000000000   1.6934780772
   3.4000000000   2.3000000000   1.6379628382
   3.4000000000   2.4000000000   1.5843840114
   3.4000000000   2.5000000000   1.5338765954
   3.4000000000   2.6000000000   1.4860999259
   3.4000000000   2.7000000000   1.4401492474
   3.4000000000   2.8000000000   1.3950961965
   3.4000000000   2.9000000000   1.3512456726
   3.4000000000   3.0000000000   1.3087600528
   3.4000000000   3.1000000000   1.2675823655
   3.4000000000   3.2000000000   1.2282582579
   3.4000000000   3.3000000000   1.1902363895
   3.4000000000   3.4000000000   1.1537285015
   3.4000000000   3.5000000000   1.1177801498
   3.4000000000   3.6000000000   1.0830899808
   3.4000000000   3.7000000000   1.0497167681
   3.4000000000   3.8000000000   1.0177988073
   3.4000000000   3.9000000000    .9869746598
   3.4000000000   4.0000000000    .9576952746

   3.5000000000    .0000000000   2.8009967339
   3.5000000000    .1000000000   2.7424672725
   3.5000000000    .2000000000   2.7127913645
   3.5000000000    .3000000000   2.6984753911
   3.5000000000    .4000000000   2.6885800479
   3.5000000000    .5000000000   2.6749372498
   3.5000000000    .6000000000   2.6620052014
   3.5000000000    .7000000000   2.6415269154
   3.5000000000    .8000000000   2.6113096940
   3.5000000000    .9000000000   2.5729594076
   3.5000000000   1.0000000000   2.5289373570
   3.5000000000   1.1000000000   2.4812886985
   3.5000000000   1.2000000000   2.4280702876
   3.5000000000   1.3000000000   2.3711070882
   3.5000000000   1.4000000000   2.3103884316
   3.5000000000   1.5000000000   2.2481062160
   3.5000000000   1.6000000000   2.1845171465
   3.5000000000   1.7000000000   2.1213585558
   3.5000000000   1.8000000000   2.0589037220
   3.5000000000   1.9000000000   1.9977106275
   3.5000000000   2.0000000000   1.9365938039
   3.5000000000   2.1000000000   1.8770353774
   3.5000000000   2.2000000000   1.8178736660
   3.5000000000   2.3000000000   1.7606484426
   3.5000000000   2.4000000000   1.7049387072
   3.5000000000   2.5000000000   1.6509173394
   3.5000000000   2.6000000000   1.6000047925
   3.5000000000   2.7000000000   1.5520517505
   3.5000000000   2.8000000000   1.5062942589
   3.5000000000   2.9000000000   1.4613689188
   3.5000000000   3.0000000000   1.4175419211
   3.5000000000   3.1000000000   1.3752157870
   3.5000000000   3.2000000000   1.3342189518
   3.5000000000   3.3000000000   1.2948989476
   3.5000000000   3.4000000000   1.2572710805
   3.5000000000   3.5000000000   1.2208675208
   3.5000000000   3.6000000000   1.1855174097
   3.5000000000   3.7000000000   1.1510065482
   3.5000000000   3.8000000000   1.1179433869
   3.5000000000   3.9000000000   1.0862214079
   3.5000000000   4.0000000000   1.0557091152

   3.6000000000    .0000000000   2.9438518515
   3.6000000000    .1000000000   2.8413841194
   3.6000000000    .2000000000   2.7753088122
   3.6000000000    .3000000000   2.7396942539
   3.6000000000    .4000000000   2.7219310780
   3.6000000000    .5000000000   2.7164200386
   3.6000000000    .6000000000   2.7059280687
   3.6000000000    .7000000000   2.6957767523
   3.6000000000    .8000000000   2.6809550004
   3.6000000000    .9000000000   2.6561333715
   3.6000000000   1.0000000000   2.6229238942
   3.6000000000   1.1000000000   2.5827789204
   3.6000000000   1.2000000000   2.5387396346
   3.6000000000   1.3000000000   2.4887071139
   3.6000000000   1.4000000000   2.4347211354
   3.6000000000   1.5000000000   2.3763115065
   3.6000000000   1.6000000000   2.3153258289
   3.6000000000   1.7000000000   2.2533789040
   3.6000000000   1.8000000000   2.1908058473
   3.6000000000   1.9000000000   2.1288991856
   3.6000000000   2.0000000000   2.0681670340
   3.6000000000   2.1000000000   2.0074336358
   3.6000000000   2.2000000000   1.9478799152
   3.6000000000   2.3000000000   1.8893677168
   3.6000000000   2.4000000000   1.8318394303
   3.6000000000   2.5000000000   1.7759710027
   3.6000000000   2.6000000000   1.7216703567
   3.6000000000   2.7000000000   1.6701735477
   3.6000000000   2.8000000000   1.6219205341
   3.6000000000   2.9000000000   1.5763076352
   3.6000000000   3.0000000000   1.5315344464
   3.6000000000   3.1000000000   1.4878367018
   3.6000000000   3.2000000000   1.4455983786
   3.6000000000   3.3000000000   1.4048098663
   3.6000000000   3.4000000000   1.3658266642
   3.6000000000   3.5000000000   1.3281826733
   3.6000000000   3.6000000000   1.2918510692
   3.6000000000   3.7000000000   1.2571706243
   3.6000000000   3.8000000000   1.2232292874
   3.6000000000   3.9000000000   1.1904872048
   3.6000000000   4.0000000000   1.1587366703

   3.7000000000    .0000000000   3.1615183595
   3.7000000000    .1000000000   3.0056973278
   3.7000000000    .2000000000   2.8869961811
   3.7000000000    .3000000000   2.8124857534
   3.7000000000    .4000000000   2.7676259598
   3.7000000000    .5000000000   2.7473731436
   3.7000000000    .6000000000   2.7425136177
   3.7000000000    .7000000000   2.7359656692
   3.7000000000    .8000000000   2.7276271215
   3.7000000000    .9000000000   2.7182625128
   3.7000000000   1.0000000000   2.6997386008
   3.7000000000   1.1000000000   2.6724127315
   3.7000000000   1.2000000000   2.6376817643
   3.7000000000   1.3000000000   2.5964340004
   3.7000000000   1.4000000000   2.5505153531
   3.7000000000   1.5000000000   2.4998361528
   3.7000000000   1.6000000000   2.4443917888
   3.7000000000   1.7000000000   2.3853636810
   3.7000000000   1.8000000000   2.3252495227
   3.7000000000   1.9000000000   2.2636504773
   3.7000000000   2.0000000000   2.2028411635
   3.7000000000   2.1000000000   2.1424398683
   3.7000000000   2.2000000000   2.0823625446
   3.7000000000   2.3000000000   2.0231649654
   3.7000000000   2.4000000000   1.9652340720
   3.7000000000   2.5000000000   1.9076739217
   3.7000000000   2.6000000000   1.8516429220
   3.7000000000   2.7000000000   1.7972958410
   3.7000000000   2.8000000000   1.7451815149
   3.7000000000   2.9000000000   1.6962726965
   3.7000000000   3.0000000000   1.6505282988
   3.7000000000   3.1000000000   1.6060519070
   3.7000000000   3.2000000000   1.5626158428
   3.7000000000   3.3000000000   1.5203296268
   3.7000000000   3.4000000000   1.4798323854
   3.7000000000   3.5000000000   1.4409981726
   3.7000000000   3.6000000000   1.4034333428
   3.7000000000   3.7000000000   1.3675366178
   3.7000000000   3.8000000000   1.3330107101
   3.7000000000   3.9000000000   1.2998120754
   3.7000000000   4.0000000000   1.2674635842

   3.8000000000    .0000000000   3.4073858780
   3.8000000000    .1000000000   3.2422418270
   3.8000000000    .2000000000   3.0760012635
   3.8000000000    .3000000000   2.9431800512
   3.8000000000    .4000000000   2.8553248668
   3.8000000000    .5000000000   2.7990947095
   3.8000000000    .6000000000   2.7743608345
   3.8000000000    .7000000000   2.7664381980
   3.8000000000    .8000000000   2.7635423572
   3.8000000000    .9000000000   2.7575914092
   3.8000000000   1.0000000000   2.7532092712
   3.8000000000   1.1000000000   2.7416249876
   3.8000000000   1.2000000000   2.7208400074
   3.8000000000   1.3000000000   2.6917093901
   3.8000000000   1.4000000000   2.6544428730
   3.8000000000   1.5000000000   2.6130124694
   3.8000000000   1.6000000000   2.5660275782
   3.8000000000   1.7000000000   2.5144135264
   3.8000000000   1.8000000000   2.4582864154
   3.8000000000   1.9000000000   2.4000223189
   3.8000000000   2.0000000000   2.3406995675
   3.8000000000   2.1000000000   2.2809820697
   3.8000000000   2.2000000000   2.2211628568
   3.8000000000   2.3000000000   2.1616000591
   3.8000000000   2.4000000000   2.1030687503
   3.8000000000   2.5000000000   2.0457296659
   3.8000000000   2.6000000000   1.9885972119
   3.8000000000   2.7000000000   1.9322533167
   3.8000000000   2.8000000000   1.8778187284
   3.8000000000   2.9000000000   1.8250755210
   3.8000000000   3.0000000000   1.7754242849
   3.8000000000   3.1000000000   1.7294996690
   3.8000000000   3.2000000000   1.6852646344
   3.8000000000   3.3000000000   1.6420689921
   3.8000000000   3.4000000000   1.5999715096
   3.8000000000   3.5000000000   1.5595176994
   3.8000000000   3.6000000000   1.5208545719
   3.8000000000   3.7000000000   1.4838203721
   3.8000000000   3.8000000000   1.4478289069
   3.8000000000   3.9000000000   1.4136539110
   3.8000000000   4.0000000000   1.3810011257

   3.9000000000    .0000000000   3.5504388107
   3.9000000000    .1000000000   3.4745951142
   3.9000000000    .2000000000   3.3259830077
   3.9000000000    .3000000000   3.1541644709
   3.9000000000    .4000000000   3.0094496288
   3.9000000000    .5000000000   2.9024205996
   3.9000000000    .6000000000   2.8369585535
   3.9000000000    .7000000000   2.8019440906
   3.9000000000    .8000000000   2.7879987595
   3.9000000000    .9000000000   2.7896714553
   3.9000000000   1.0000000000   2.7871809279
   3.9000000000   1.1000000000   2.7856587395
   3.9000000000   1.2000000000   2.7805473477
   3.9000000000   1.3000000000   2.7669676405
   3.9000000000   1.4000000000   2.7440983842
   3.9000000000   1.5000000000   2.7131247223
   3.9000000000   1.6000000000   2.6753002007
   3.9000000000   1.7000000000   2.6326660375
   3.9000000000   1.8000000000   2.5857583177
   3.9000000000   1.9000000000   2.5333340761
   3.9000000000   2.0000000000   2.4776472614
   3.9000000000   2.1000000000   2.4212983712
   3.9000000000   2.2000000000   2.3628466239
   3.9000000000   2.3000000000   2.3041759875
   3.9000000000   2.4000000000   2.2459277636
   3.9000000000   2.5000000000   2.1880004573
   3.9000000000   2.6000000000   2.1311270913
   3.9000000000   2.7000000000   2.0746786221
   3.9000000000   2.8000000000   2.0185288622
   3.9000000000   2.9000000000   1.9637748320
   3.9000000000   3.0000000000   1.9111125105
   3.9000000000   3.1000000000   1.8606594219
   3.9000000000   3.2000000000   1.8139544924
   3.9000000000   3.3000000000   1.7695412106
   3.9000000000   3.4000000000   1.7267490254
   3.9000000000   3.5000000000   1.6850721742
   3.9000000000   3.6000000000   1.6444617149
   3.9000000000   3.7000000000   1.6060061441
   3.9000000000   3.8000000000   1.5692409570
   3.9000000000   3.9000000000   1.5338624952
   3.9000000000   4.0000000000   1.4996491253

   4.0000000000    .0000000000   3.5200057252
   4.0000000000    .1000000000   3.5660951281
   4.0000000000    .2000000000   3.5340690851
   4.0000000000    .3000000000   3.4133869676
   4.0000000000    .4000000000   3.2457643172
   4.0000000000    .5000000000   3.0856822063
   4.0000000000    .6000000000   2.9613140721
   4.0000000000    .7000000000   2.8816095223
   4.0000000000    .8000000000   2.8332196018
   4.0000000000    .9000000000   2.8145162721
   4.0000000000   1.0000000000   2.8130157101
   4.0000000000   1.1000000000   2.8146892706
   4.0000000000   1.2000000000   2.8145026153
   4.0000000000   1.3000000000   2.8153998581
   4.0000000000   1.4000000000   2.8096801087
   4.0000000000   1.5000000000   2.7944344808
   4.0000000000   1.6000000000   2.7702110493
   4.0000000000   1.7000000000   2.7379209301
   4.0000000000   1.8000000000   2.6998785288
   4.0000000000   1.9000000000   2.6576627785
   4.0000000000   2.0000000000   2.6099871701
   4.0000000000   2.1000000000   2.5583949831
   4.0000000000   2.2000000000   2.5048221754
   4.0000000000   2.3000000000   2.4491601582
   4.0000000000   2.4000000000   2.3921058876
   4.0000000000   2.5000000000   2.3353647489
   4.0000000000   2.6000000000   2.2780805077
   4.0000000000   2.7000000000   2.2216294200
   4.0000000000   2.8000000000   2.1662070725
   4.0000000000   2.9000000000   2.1108628565
   4.0000000000   3.0000000000   2.0559313125
   4.0000000000   3.1000000000   2.0031995116
   4.0000000000   3.2000000000   1.9520392987
   4.0000000000   3.3000000000   1.9043145954
   4.0000000000   3.4000000000   1.8599524299
   4.0000000000   3.5000000000   1.8171503727
   4.0000000000   3.6000000000   1.7757925760
   4.0000000000   3.7000000000   1.7357420341
   4.0000000000   3.8000000000   1.6969613514
   4.0000000000   3.9000000000   1.6605333490
   4.0000000000   4.0000000000   1.6255494086

