 -40.0000000000 -40.0000000000    .1916647962
 -40.0000000000 -36.0000000000    .1875286020
 -40.0000000000 -32.0000000000    .1835770061
 -40.0000000000 -28.0000000000    .1798022394
 -40.0000000000 -24.0000000000    .1761969447
 -40.0000000000 -20.0000000000    .1727541489
 -40.0000000000 -16.0000000000    .1694672361
 -40.0000000000 -12.0000000000    .1663299246
 -40.0000000000  -8.0000000000    .1633362449
 -40.0000000000  -4.0000000000    .1604805203
 -40.0000000000    .0000000000    .1577573483
 -40.0000000000   4.0000000000    .1551615842
 -40.0000000000   8.0000000000    .1526883256
 -40.0000000000  12.0000000000    .1503328983
 -40.0000000000  16.0000000000    .1480908431
 -40.0000000000  20.0000000000    .1459579035
 -40.0000000000  24.0000000000    .1439300147
 -40.0000000000  28.0000000000    .1420032925
 -40.0000000000  32.0000000000    .1401740241
 -40.0000000000  36.0000000000    .1384386585
 -40.0000000000  40.0000000000    .1367937980

 -36.0000000000 -40.0000000000    .1951928256
 -36.0000000000 -36.0000000000    .1909832308
 -36.0000000000 -32.0000000000    .1869585670
 -36.0000000000 -28.0000000000    .1831110710
 -36.0000000000 -24.0000000000    .1794333915
 -36.0000000000 -20.0000000000    .1759185608
 -36.0000000000 -16.0000000000    .1725599682
 -36.0000000000 -12.0000000000    .1693513368
 -36.0000000000  -8.0000000000    .1662867017
 -36.0000000000  -4.0000000000    .1633603902
 -36.0000000000    .0000000000    .1605670037
 -36.0000000000   4.0000000000    .1579014011
 -36.0000000000   8.0000000000    .1553586836
 -36.0000000000  12.0000000000    .1529341801
 -36.0000000000  16.0000000000    .1506234346
 -36.0000000000  20.0000000000    .1484221936
 -36.0000000000  24.0000000000    .1463263950
 -36.0000000000  28.0000000000    .1443321578
 -36.0000000000  32.0000000000    .1424357717
 -36.0000000000  36.0000000000    .1406336884
 -36.0000000000  40.0000000000    .1389225132

 -32.0000000000 -40.0000000000    .1988673948
 -32.0000000000 -36.0000000000    .1945858664
 -32.0000000000 -32.0000000000    .1904896045
 -32.0000000000 -28.0000000000    .1865708530
 -32.0000000000 -24.0000000000    .1828222674
 -32.0000000000 -20.0000000000    .1792368858
 -32.0000000000 -16.0000000000    .1758081032
 -32.0000000000 -12.0000000000    .1725296474
 -32.0000000000  -8.0000000000    .1693955577
 -32.0000000000  -4.0000000000    .1664001653
 -32.0000000000    .0000000000    .1635380750
 -32.0000000000   4.0000000000    .1608041489
 -32.0000000000   8.0000000000    .1581934908
 -32.0000000000  12.0000000000    .1557014323
 -32.0000000000  16.0000000000    .1533235194
 -32.0000000000  20.0000000000    .1510555009
 -32.0000000000  24.0000000000    .1488933169
 -32.0000000000  28.0000000000    .1468330879
 -32.0000000000  32.0000000000    .1448711057
 -32.0000000000  36.0000000000    .1430038238
 -32.0000000000  40.0000000000    .1412278491

 -28.0000000000 -40.0000000000    .2026849266
 -28.0000000000 -36.0000000000    .1983328156
 -28.0000000000 -32.0000000000    .1941663101
 -28.0000000000 -28.0000000000    .1901776626
 -28.0000000000 -24.0000000000    .1863595360
 -28.0000000000 -20.0000000000    .1827049750
 -28.0000000000 -16.0000000000    .1792073802
 -28.0000000000 -12.0000000000    .1758604844
 -28.0000000000  -8.0000000000    .1726583312
 -28.0000000000  -4.0000000000    .1695952554
 -28.0000000000    .0000000000    .1666658649
 -28.0000000000   4.0000000000    .1638650241
 -28.0000000000   8.0000000000    .1611878392
 -28.0000000000  12.0000000000    .1586296434
 -28.0000000000  16.0000000000    .1561859846
 -28.0000000000  20.0000000000    .1538526128
 -28.0000000000  24.0000000000    .1516254691
 -28.0000000000  28.0000000000    .1495006754
 -28.0000000000  32.0000000000    .1474745242
 -28.0000000000  36.0000000000    .1455434701
 -28.0000000000  40.0000000000    .1437041207

 -24.0000000000 -40.0000000000    .2066420984
 -24.0000000000 -36.0000000000    .2022206496
 -24.0000000000 -32.0000000000    .1979851497
 -24.0000000000 -28.0000000000    .1939278606
 -24.0000000000 -24.0000000000    .1900414536
 -24.0000000000 -20.0000000000    .1863189807
 -24.0000000000 -16.0000000000    .1827538486
 -24.0000000000 -12.0000000000    .1793397952
 -24.0000000000  -8.0000000000    .1760708683
 -24.0000000000  -4.0000000000    .1729414061
 -24.0000000000    .0000000000    .1699460192
 -24.0000000000   4.0000000000    .1670795742
 -24.0000000000   8.0000000000    .1643371788
 -24.0000000000  12.0000000000    .1617141677
 -24.0000000000  16.0000000000    .1592060894
 -24.0000000000  20.0000000000    .1568086948
 -24.0000000000  24.0000000000    .1545179254
 -24.0000000000  28.0000000000    .1523299032
 -24.0000000000  32.0000000000    .1502409212
 -24.0000000000  36.0000000000    .1482474337
 -24.0000000000  40.0000000000    .1463460486

 -20.0000000000 -40.0000000000    .2107358125
 -20.0000000000 -36.0000000000    .2062461738
 -20.0000000000 -32.0000000000    .2019428317
 -20.0000000000 -28.0000000000    .1978180591
 -20.0000000000 -24.0000000000    .1938645368
 -20.0000000000 -20.0000000000    .1900753244
 -20.0000000000 -16.0000000000    .1864438353
 -20.0000000000 -12.0000000000    .1829638126
 -20.0000000000  -8.0000000000    .1796293084
 -20.0000000000  -4.0000000000    .1764346641
 -20.0000000000    .0000000000    .1733744927
 -20.0000000000   4.0000000000    .1704436628
 -20.0000000000   8.0000000000    .1676372832
 -20.0000000000  12.0000000000    .1649506892
 -20.0000000000  16.0000000000    .1623794298
 -20.0000000000  20.0000000000    .1599192557
 -20.0000000000  24.0000000000    .1575661083
 -20.0000000000  28.0000000000    .1553161092
 -20.0000000000  32.0000000000    .1531655506
 -20.0000000000  36.0000000000    .1511108865
 -20.0000000000  40.0000000000    .1491487238

 -16.0000000000 -40.0000000000    .2149631706
 -16.0000000000 -36.0000000000    .2104064010
 -16.0000000000 -32.0000000000    .2060362807
 -16.0000000000 -28.0000000000    .2018450949
 -16.0000000000 -24.0000000000    .1978255345
 -16.0000000000 -20.0000000000    .1939706679
 -16.0000000000 -16.0000000000    .1902739152
 -16.0000000000 -12.0000000000    .1867290252
 -16.0000000000  -8.0000000000    .1833300541
 -16.0000000000  -4.0000000000    .1800713466
 -16.0000000000    .0000000000    .1769475181
 -16.0000000000   4.0000000000    .1739534384
 -16.0000000000   8.0000000000    .1710842173
 -16.0000000000  12.0000000000    .1683351902
 -16.0000000000  16.0000000000    .1657019059
 -16.0000000000  20.0000000000    .1631801147
 -16.0000000000  24.0000000000    .1607657569
 -16.0000000000  28.0000000000    .1584549531
 -16.0000000000  32.0000000000    .1562439942
 -16.0000000000  36.0000000000    .1541293329
 -16.0000000000  40.0000000000    .1521075747

 -12.0000000000 -40.0000000000    .2193214523
 -12.0000000000 -36.0000000000    .2146985297
 -12.0000000000 -32.0000000000    .2102626145
 -12.0000000000 -28.0000000000    .2060060053
 -12.0000000000 -24.0000000000    .2019214041
 -12.0000000000 -20.0000000000    .1980018886
 -12.0000000000 -16.0000000000    .1942408862
 -12.0000000000 -12.0000000000    .1906321516
 -12.0000000000  -8.0000000000    .1871697453
 -12.0000000000  -4.0000000000    .1838480152
 -12.0000000000    .0000000000    .1806615787
 -12.0000000000   4.0000000000    .1776053069
 -12.0000000000   8.0000000000    .1746743098
 -12.0000000000  12.0000000000    .1718639229
 -12.0000000000  16.0000000000    .1691696943
 -12.0000000000  20.0000000000    .1665873729
 -12.0000000000  24.0000000000    .1641128978
 -12.0000000000  28.0000000000    .1617423878
 -12.0000000000  32.0000000000    .1594721321
 -12.0000000000  36.0000000000    .1572985811
 -12.0000000000  40.0000000000    .1552183384

  -8.0000000000 -40.0000000000    .2238080960
  -8.0000000000 -36.0000000000    .2191199246
  -8.0000000000 -32.0000000000    .2146191242
  -8.0000000000 -28.0000000000    .2102980079
  -8.0000000000 -24.0000000000    .2061492899
  -8.0000000000 -20.0000000000    .2021660578
  -8.0000000000 -16.0000000000    .1983417470
  -8.0000000000 -12.0000000000    .1946701179
  -8.0000000000  -8.0000000000    .1911452358
  -8.0000000000  -4.0000000000    .1877614516
  -8.0000000000    .0000000000    .1845133846
  -8.0000000000   4.0000000000    .1813959068
  -8.0000000000   8.0000000000    .1784041286
  -8.0000000000  12.0000000000    .1755333847
  -8.0000000000  16.0000000000    .1727792220
  -8.0000000000  20.0000000000    .1701373880
  -8.0000000000  24.0000000000    .1676038196
  -8.0000000000  28.0000000000    .1651746335
  -8.0000000000  32.0000000000    .1628461164
  -8.0000000000  36.0000000000    .1606147160
  -8.0000000000  40.0000000000    .1584770334

  -4.0000000000 -40.0000000000    .2284206838
  -4.0000000000 -36.0000000000    .2236681002
  -4.0000000000 -32.0000000000    .2191032570
  -4.0000000000 -28.0000000000    .2147184831
  -4.0000000000 -24.0000000000    .2105065056
  -4.0000000000 -20.0000000000    .2064604227
  -4.0000000000 -16.0000000000    .2025736779
  -4.0000000000 -12.0000000000    .1988400383
  -4.0000000000  -8.0000000000    .1952535735
  -4.0000000000  -4.0000000000    .1918086376
  -4.0000000000    .0000000000    .1884998517
  -4.0000000000   4.0000000000    .1853220888
  -4.0000000000   8.0000000000    .1822704587
  -4.0000000000  12.0000000000    .1793402955
  -4.0000000000  16.0000000000    .1765271444
  -4.0000000000  20.0000000000    .1738267508
  -4.0000000000  24.0000000000    .1712350494
  -4.0000000000  28.0000000000    .1687481538
  -4.0000000000  32.0000000000    .1663623478
  -4.0000000000  36.0000000000    .1640740761
  -4.0000000000  40.0000000000    .1618799362

    .0000000000 -40.0000000000    .2331569275
    .0000000000 -36.0000000000    .2283407071
    .0000000000 -32.0000000000    .2237126024
    .0000000000 -28.0000000000    .2192649591
    .0000000000 -24.0000000000    .2149905183
    .0000000000 -20.0000000000    .2108823893
    .0000000000 -16.0000000000    .2069340245
    .0000000000 -12.0000000000    .2031391974
    .0000000000  -8.0000000000    .1994919825
    .0000000000  -4.0000000000    .1959867368
    .0000000000    .0000000000    .1926180834
    .0000000000   4.0000000000    .1893808957
    .0000000000   8.0000000000    .1862702831
    .0000000000  12.0000000000    .1832815784
    .0000000000  16.0000000000    .1804103250
    .0000000000  20.0000000000    .1776522657
    .0000000000  24.0000000000    .1750033322
    .0000000000  28.0000000000    .1724596351
    .0000000000  32.0000000000    .1700174545
    .0000000000  36.0000000000    .1676732315
    .0000000000  40.0000000000    .1654235597

   4.0000000000 -40.0000000000    .2380146577
   4.0000000000 -36.0000000000    .2331355199
   4.0000000000 -32.0000000000    .2284448790
   4.0000000000 -28.0000000000    .2239350989
   4.0000000000 -24.0000000000    .2195989354
   4.0000000000 -20.0000000000    .2154295096
   4.0000000000 -16.0000000000    .2114202830
   4.0000000000 -12.0000000000    .2075650360
   4.0000000000  -8.0000000000    .2038578480
   4.0000000000  -4.0000000000    .2002930792
   4.0000000000    .0000000000    .1968653542
   4.0000000000   4.0000000000    .1935695468
   4.0000000000   8.0000000000    .1904007659
   4.0000000000  12.0000000000    .1873543426
   4.0000000000  16.0000000000    .1844258180
   4.0000000000  20.0000000000    .1816109321
   4.0000000000  24.0000000000    .1789056132
   4.0000000000  28.0000000000    .1763059682
   4.0000000000  32.0000000000    .1738082733
   4.0000000000  36.0000000000    .1714089653
   4.0000000000  40.0000000000    .1691046337

   8.0000000000 -40.0000000000    .2429918140
   8.0000000000 -36.0000000000    .2380504269
   8.0000000000 -32.0000000000    .2332979244
   8.0000000000 -28.0000000000    .2287266892
   8.0000000000 -24.0000000000    .2243294928
   8.0000000000 -20.0000000000    .2200994686
   8.0000000000 -16.0000000000    .2160300878
   8.0000000000 -12.0000000000    .2121151378
   8.0000000000  -8.0000000000    .2083487031
   8.0000000000  -4.0000000000    .2047251470
   8.0000000000    .0000000000    .2012390956
   8.0000000000   4.0000000000    .1978854231
   8.0000000000   8.0000000000    .1946592373
   8.0000000000  12.0000000000    .1915558677
   8.0000000000  16.0000000000    .1885708525
   8.0000000000  20.0000000000    .1856999287
   8.0000000000  24.0000000000    .1829390209
   8.0000000000  28.0000000000    .1802842316
   8.0000000000  32.0000000000    .1777318328
   8.0000000000  36.0000000000    .1752782566
   8.0000000000  40.0000000000    .1729200876

  12.0000000000 -40.0000000000    .2480864364
  12.0000000000 -36.0000000000    .2430834220
  12.0000000000 -32.0000000000    .2382696858
  12.0000000000 -28.0000000000    .2336376309
  12.0000000000 -24.0000000000    .2291800451
  12.0000000000 -20.0000000000    .2248900747
  12.0000000000 -16.0000000000    .2207612008
  12.0000000000 -12.0000000000    .2167872184
  12.0000000000  -8.0000000000    .2129622169
  12.0000000000  -4.0000000000    .2092805628
  12.0000000000    .0000000000    .2057368839
  12.0000000000   4.0000000000    .2023260543
  12.0000000000   8.0000000000    .1990431807
  12.0000000000  12.0000000000    .1958835905
  12.0000000000  16.0000000000    .1928428191
  12.0000000000  20.0000000000    .1899165998
  12.0000000000  24.0000000000    .1871008530
  12.0000000000  28.0000000000    .1843916769
  12.0000000000  32.0000000000    .1817853385
  12.0000000000  36.0000000000    .1792782648
  12.0000000000  40.0000000000    .1768670353

  16.0000000000 -40.0000000000    .2532966593
  16.0000000000 -36.0000000000    .2482325967
  16.0000000000 -32.0000000000    .2433582126
  16.0000000000 -28.0000000000    .2386659310
  16.0000000000 -24.0000000000    .2341485570
  16.0000000000 -20.0000000000    .2297992501
  16.0000000000 -16.0000000000    .2256115020
  16.0000000000 -12.0000000000    .2215791152
  16.0000000000  -8.0000000000    .2176961844
  16.0000000000  -4.0000000000    .2139570794
  16.0000000000    .0000000000    .2103564291
  16.0000000000   4.0000000000    .2068891078
  16.0000000000   8.0000000000    .2035502209
  16.0000000000  12.0000000000    .2003350932
  16.0000000000  16.0000000000    .1972392571
  16.0000000000  20.0000000000    .1942584420
  16.0000000000  24.0000000000    .1913885637
  16.0000000000  28.0000000000    .1886257156
  16.0000000000  32.0000000000    .1859661593
  16.0000000000  36.0000000000    .1834063165
  16.0000000000  40.0000000000    .1809427610

  20.0000000000 -40.0000000000    .2586207049
  20.0000000000 -36.0000000000    .2534961345
  20.0000000000 -32.0000000000    .2485616493
  20.0000000000 -28.0000000000    .2438096956
  20.0000000000 -24.0000000000    .2392330957
  20.0000000000 -20.0000000000    .2348250236
  20.0000000000 -16.0000000000    .2305789814
  20.0000000000 -12.0000000000    .2264887796
  20.0000000000  -8.0000000000    .2225485181
  20.0000000000  -4.0000000000    .2187525700
  20.0000000000    .0000000000    .2150955657
  20.0000000000   4.0000000000    .2115723789
  20.0000000000   8.0000000000    .2081781139
  20.0000000000  12.0000000000    .2049080927
  20.0000000000  16.0000000000    .2017578443
  20.0000000000  20.0000000000    .1987230938
  20.0000000000  24.0000000000    .1957997521
  20.0000000000  28.0000000000    .1929839075
  20.0000000000  32.0000000000    .1902718160
  20.0000000000  36.0000000000    .1876598933
  20.0000000000  40.0000000000    .1851447071

  24.0000000000 -40.0000000000    .2640568784
  24.0000000000 -36.0000000000    .2588723052
  24.0000000000 -32.0000000000    .2538782306
  24.0000000000 -28.0000000000    .2490671236
  24.0000000000 -24.0000000000    .2444318251
  24.0000000000 -20.0000000000    .2399655234
  24.0000000000 -16.0000000000    .2356617319
  24.0000000000 -12.0000000000    .2315142688
  24.0000000000  -8.0000000000    .2275172398
  24.0000000000  -4.0000000000    .2236650209
  24.0000000000    .0000000000    .2199522439
  24.0000000000   4.0000000000    .2163737823
  24.0000000000   8.0000000000    .2129247384
  24.0000000000  12.0000000000    .2096004317
  24.0000000000  16.0000000000    .2063963872
  24.0000000000  20.0000000000    .2033083255
  24.0000000000  24.0000000000    .2003321526
  24.0000000000  28.0000000000    .1974639508
  24.0000000000  32.0000000000    .1946999703
  24.0000000000  36.0000000000    .1920366206
  24.0000000000  40.0000000000    .1894704630

  28.0000000000 -40.0000000000    .2696035641
  28.0000000000 -36.0000000000    .2643594605
  28.0000000000 -32.0000000000    .2593062757
  28.0000000000 -28.0000000000    .2544365021
  28.0000000000 -24.0000000000    .2497429998
  28.0000000000 -20.0000000000    .2452189719
  28.0000000000 -16.0000000000    .2408579432
  28.0000000000 -12.0000000000    .2366537402
  28.0000000000  -8.0000000000    .2326004740
  28.0000000000  -4.0000000000    .2286925240
  28.0000000000    .0000000000    .2249245229
  28.0000000000   4.0000000000    .2212913440
  28.0000000000   8.0000000000    .2177880877
  28.0000000000  12.0000000000    .2144100702
  28.0000000000  16.0000000000    .2111528127
  28.0000000000  20.0000000000    .2080120309
  28.0000000000  24.0000000000    .2049836252
  28.0000000000  28.0000000000    .2020636723
  28.0000000000  32.0000000000    .1992484157
  28.0000000000  36.0000000000    .1965342585
  28.0000000000  40.0000000000    .1939177552

  32.0000000000 -40.0000000000    .2752592215
  32.0000000000 -36.0000000000    .2699560304
  32.0000000000 -32.0000000000    .2648441848
  32.0000000000 -28.0000000000    .2599162016
  32.0000000000 -24.0000000000    .2551649606
  32.0000000000 -20.0000000000    .2505836802
  32.0000000000 -16.0000000000    .2461658968
  32.0000000000 -12.0000000000    .2419054453
  32.0000000000  -8.0000000000    .2377964425
  32.0000000000  -4.0000000000    .2338332708
  32.0000000000    .0000000000    .2300105643
  32.0000000000   4.0000000000    .2263231954
  32.0000000000   8.0000000000    .2227662625
  32.0000000000  12.0000000000    .2193350787
  32.0000000000  16.0000000000    .2160251607
  32.0000000000  20.0000000000    .2128322190
  32.0000000000  24.0000000000    .2097521486
  32.0000000000  28.0000000000    .2067810196
  32.0000000000  32.0000000000    .2039150691
  32.0000000000  36.0000000000    .2011506931
  32.0000000000  40.0000000000    .1984844388

  36.0000000000 -40.0000000000    .2810223825
  36.0000000000 -36.0000000000    .2756605193
  36.0000000000 -32.0000000000    .2704904352
  36.0000000000 -28.0000000000    .2655046723
  36.0000000000 -24.0000000000    .2606961304
  36.0000000000 -20.0000000000    .2560580439
  36.0000000000 -16.0000000000    .2515839610
  36.0000000000 -12.0000000000    .2472677251
  36.0000000000  -8.0000000000    .2431034587
  36.0000000000  -4.0000000000    .2390855473
  36.0000000000    .0000000000    .2352086261
  36.0000000000   4.0000000000    .2314675667
  36.0000000000   8.0000000000    .2278574653
  36.0000000000  12.0000000000    .2243736314
  36.0000000000  16.0000000000    .2210115773
  36.0000000000  20.0000000000    .2177670080
  36.0000000000  24.0000000000    .2146358125
  36.0000000000  28.0000000000    .2116140542
  36.0000000000  32.0000000000    .2086979633
  36.0000000000  36.0000000000    .2058839285
  36.0000000000  40.0000000000    .2031684896

  40.0000000000 -40.0000000000    .2868916489
  40.0000000000 -36.0000000000    .2814715038
  40.0000000000 -32.0000000000    .2762435784
  40.0000000000 -28.0000000000    .2712004406
  40.0000000000 -24.0000000000    .2663350108
  40.0000000000 -20.0000000000    .2616405395
  40.0000000000 -16.0000000000    .2571105870
  40.0000000000 -12.0000000000    .2527390057
  40.0000000000  -8.0000000000    .2485199233
  40.0000000000  -4.0000000000    .2444477288
  40.0000000000    .0000000000    .2405170582
  40.0000000000   4.0000000000    .2367227823
  40.0000000000   8.0000000000    .2330599947
  40.0000000000  12.0000000000    .2295240013
  40.0000000000  16.0000000000    .2261103094
  40.0000000000  20.0000000000    .2228146187
  40.0000000000  24.0000000000    .2196328114
  40.0000000000  28.0000000000    .2165609444
  40.0000000000  32.0000000000    .2135952403
  40.0000000000  36.0000000000    .2107320804
  40.0000000000  40.0000000000    .2079679966

